time,gFx,gFy,gFz,ax,ay,az,wx,wy,wz
1.0,1.2444496753685923,-0.45509114703097503,0.4590321655620182,3.6923,1.6556,0.8399,3.6923,-0.3977,0.0343
1.01,1.1495245885410212,-0.4617861155797551,0.42532099987625266,3.6923,1.6556,0.8399,3.6923,0.3039,-1.5785
1.02,1.0981406165703274,-0.4612638535645472,0.40626564547206157,7.8147,-0.462,1.7827,7.8147,0.3039,-1.5785
1.03,1.0703178805394988,-0.45737175337186897,0.39526371868978794,7.8147,-0.462,1.7827,7.8147,0.3039,-1.5785
1.04,1.0424951445086703,-0.4534796531791907,0.38426179190751436,7.8147,-0.462,1.7827,7.8147,0.3039,-1.5785
1.05,1.0146724084778418,-0.4495875529865125,0.37325986512524073,7.8147,-0.462,1.7827,7.8147,0.3039,-1.5785
1.06,0.9868496724470133,-0.44569545279383427,0.36225793834296716,7.8147,-0.462,1.7827,7.8147,0.3039,-1.5785
1.07,0.8455938281099777,-0.42165600845991136,0.3042917323591614,7.8147,-0.462,1.7827,7.8147,-0.2431,-1.776
1.08,0.7093,-0.3964,0.2653,5.385170580296681,-1.4399221322537978,1.4785537112010527,5.385170580296681,-0.2431,-1.776
1.09,0.6890772272159543,-0.3858887282704395,0.259796816069125,3.2104,-2.3153,1.2063,3.2104,-0.2431,-1.776
1.1,0.6673323102438624,-0.3745862855504821,0.25387941399291547,3.2104,-2.3153,1.2063,3.2104,-0.2431,-1.776
1.11,0.6455873932717704,-0.36328384283052473,0.24796201191670586,3.2104,-2.3153,1.2063,3.2104,-0.2431,-1.776
1.12,0.6238424762996784,-0.35198140011056733,0.24204460984049628,3.2104,-2.3153,1.2063,3.2104,-0.2431,-1.776
1.1300000000000001,0.5999186197916663,-0.3422804687500001,0.23285846354166628,3.2104,-2.3153,1.2063,3.2104,-0.2431,-1.776
1.1400000000000001,0.564470795306388,-0.3805855280312914,0.17366236418948217,3.2104,-2.3153,1.2063,3.2104,-0.4455,-1.2159
1.1500000000000001,0.5394287243670968,-0.4148632049856482,0.14372421969951643,-1.4766,-2.8942,-0.0739,-1.4766,-0.4455,-1.2159
1.1600000000000001,0.5395321610509167,-0.43345594890227834,0.14561193917922993,-1.4766,-2.8942,-0.0739,-1.4766,-0.4455,-1.2159
1.1700000000000002,0.5396355977347366,-0.4520486928189084,0.1474996586589434,-1.4766,-2.8942,-0.0739,-1.4766,-0.4455,-1.2159
1.1800000000000002,0.5397390344185565,-0.4706414367355385,0.1493873781386569,-1.4766,-2.8942,-0.0739,-1.4766,-0.4455,-1.2159
1.1900000000000002,0.5378222638480062,-0.4906646240299709,0.16110286325929934,-1.4766,-2.8942,-0.0739,-1.4766,-0.4455,-1.2159
1.2000000000000002,0.5330055659620014,-0.512741156007493,0.18692571581482526,-1.4766,-2.8942,-0.0739,-1.4766,-0.4455,-1.2159
1.2100000000000002,0.5330510275352586,-0.5051785359301539,0.19992466084620605,-1.4766,-2.8942,-0.0739,-1.4766,-0.0741,-0.554
1.2200000000000002,0.5373682483497563,-0.49231068210083206,0.2103052807806371,-3.7352,-2.6666,-1.1254,-3.7352,-0.0741,-0.554
1.2300000000000002,0.5467435473069935,-0.4838537797761406,0.20934861762173534,-3.7352,-2.6666,-1.1254,-3.7352,-0.0741,-0.554
1.2400000000000002,0.5561188462642307,-0.4753968774514491,0.2083919544628336,-3.7352,-2.6666,-1.1254,-3.7352,-0.0741,-0.554
1.2500000000000002,0.5654941452214678,-0.4669399751267576,0.20743529130393185,-3.7352,-2.6666,-1.1254,-3.7352,-0.0741,-0.554
1.2600000000000002,0.574869444178705,-0.4584830728020661,0.2064786281450301,-3.7352,-2.6666,-1.1254,-3.7352,-0.0741,-0.554
1.2700000000000002,0.6317913513513604,-0.44734407484407407,0.20956902286902357,-3.7352,-2.6666,-1.1254,-3.7352,-0.0741,-0.554
1.2800000000000002,0.691,-0.4378,0.2176,-3.7352,-3.1115319234642693,-1.1313512811905564,-3.7352,0.0966,0.2723
1.2900000000000003,0.7102028645653724,-0.4176200473595879,0.19990243465066562,-3.7352,-3.4217,-1.1355,-3.7352,0.0966,0.2723
1.3000000000000003,0.7165251396648047,-0.4137117318435753,0.2028681564245811,-3.7352,-3.4217,-1.1355,-3.7352,0.0966,0.2723
1.3100000000000003,0.7228474147642369,-0.4098034163275627,0.20583387819849652,-3.7352,-3.4217,-1.1355,-3.7352,0.0966,0.2723
1.3200000000000003,0.729169689863669,-0.4058951008115501,0.208799599972412,-3.7352,-3.4217,-1.1355,-3.7352,0.0966,0.2723
1.3300000000000003,0.7724607649333965,-0.40522960893854787,0.25317146540610885,-3.7352,-3.4217,-1.1355,-3.7352,0.0966,0.2723
1.3400000000000003,0.8022793221957057,-0.4057284773269688,0.28364021002386786,-3.7352,-3.4217,-1.1355,-3.7352,0.165,0.6579
1.3500000000000003,0.8399229982428074,-0.4030323166094043,0.317261134569488,-2.2444,-2.2344,-0.8855,-2.2444,0.165,0.6579
1.3600000000000003,0.8419949120092319,-0.38792570484408134,0.322768753442262,-2.2444,-2.2344,-0.8855,-2.2444,0.165,0.6579
1.3700000000000003,0.8440668257756564,-0.3728190930787584,0.328276372315036,-2.2444,-2.2344,-0.8855,-2.2444,0.165,0.6579
1.3800000000000003,0.8461387395420809,-0.3577124813134354,0.33378399118781,-2.2444,-2.2344,-0.8855,-2.2444,0.165,0.6579
1.3900000000000003,0.7936848127892216,-0.2653027345393227,0.31935557425325745,-2.2444,-2.2344,-0.8855,-2.2444,0.165,0.6579
1.4000000000000004,0.752064366939397,-0.20048246429066524,0.29555350852863604,-2.2444,-2.2344,-0.8855,-2.2444,0.165,0.6579
1.4100000000000004,0.7375176081565171,-0.17321658859189817,0.2667196197299503,-2.2444,-2.2344,-0.8855,-2.2444,-0.0111,0.7668
1.4200000000000004,0.7431485680190936,-0.17028062052506013,0.22291894988066807,-0.8271,-1.3189,-0.1478,-0.8271,-0.0111,0.7668
1.4300000000000004,0.7561756165473354,-0.18269112171837754,0.21858322991248988,-0.8271,-1.3189,-0.1478,-0.8271,-0.0111,0.7668
1.4400000000000004,0.7692026650755773,-0.19510162291169497,0.2142475099443117,-0.8271,-1.3189,-0.1478,-0.8271,-0.0111,0.7668
1.4500000000000004,0.7822297136038191,-0.20751212410501238,0.2099117899761335,-0.8271,-1.3189,-0.1478,-0.8271,-0.0111,0.7668
1.4600000000000004,0.795256762132061,-0.2199226252983298,0.2055760700079553,-0.8271,-1.3189,-0.1478,-0.8271,-0.0111,0.7668
1.4700000000000004,0.9233,-0.352,0.2353,-0.8271,-1.3189,-0.1478,-0.8271,-0.008490395480223935,0.6976244350281942
1.4800000000000004,1.044074886330664,-0.4851744413272788,0.3401326013350163,-0.8271,-1.3189,-0.1478,-0.8271,0.0013,0.4381
1.4900000000000004,1.0947636081640004,-0.5369617694659246,0.38984033896781295,-1.0251,0.7958,-0.0074,-1.0251,0.0013,0.4381
1.5000000000000004,1.124951524006475,-0.5644748066894456,0.4240742896960994,-1.0251,0.7958,-0.0074,-1.0251,0.0013,0.4381
1.5100000000000005,1.1551394398489494,-0.5919878439129667,0.45830824042438584,-1.0251,0.7958,-0.0074,-1.0251,0.0013,0.4381
1.5200000000000005,1.1853273556914241,-0.6195008811364877,0.4925421911526723,-1.0251,0.7958,-0.0074,-1.0251,0.0013,0.4381
1.5300000000000005,1.4552847130243003,-0.6520059050772531,0.6276588116261984,-1.0251,0.7958,-0.0074,-1.0251,0.0013,0.4381
1.5400000000000005,1.6223101220244043,-0.5320670534106707,0.6414219243848727,-1.0251,0.7958,-0.0074,-1.0251,-0.0893,0.9285
1.5500000000000005,1.6114457029890066,-0.30259955985477527,0.5535815263341106,1.0954,-0.4104,0.2762,1.0954,-0.0893,0.9285
1.5600000000000005,1.5595483538071295,-0.26169340776843714,0.5089950639080898,1.0954,-0.4104,0.2762,1.0954,-0.0893,0.9285
1.5700000000000005,1.5076510046252525,-0.22078725568209895,0.464408601482069,1.0954,-0.4104,0.2762,1.0954,-0.0893,0.9285
1.5800000000000005,1.4557536554433756,-0.17988110359576082,0.4198221390560481,1.0954,-0.4104,0.2762,1.0954,-0.0893,0.9285
1.5900000000000005,1.4038563062614986,-0.13897495150942266,0.3752356766300272,1.0954,-0.4104,0.2762,1.0954,-0.0893,0.9285
1.6000000000000005,1.1883228359576665,-0.14796866616679213,0.24520207448137316,1.0954,-0.4104,0.2762,1.0954,-0.0893,0.9285
1.6100000000000005,1.088965549936779,-0.17550707964602255,0.18778849557521574,1.0954,-0.4104,0.2762,1.0954,0.1053,0.2505
1.6200000000000006,0.9727117222609012,-0.23190353186910606,0.12352612823596376,6.2014,-1.6806,2.8418,6.2014,0.1053,0.2505
1.6300000000000006,0.9441445133658234,-0.24057496677004916,0.11240728105154278,6.2014,-1.6806,2.8418,6.2014,0.1053,0.2505
1.6400000000000006,0.9155773044707456,-0.2492464016709923,0.1012884338671218,6.2014,-1.6806,2.8418,6.2014,0.1053,0.2505
1.6500000000000006,0.8870100955756678,-0.2579178365719354,0.09016958668270081,6.2014,-1.6806,2.8418,6.2014,0.1053,0.2505
1.6600000000000006,0.85844288668059,-0.26658927147287853,0.07905073949827983,6.2014,-1.6806,2.8418,6.2014,0.1053,0.2505
1.6700000000000006,0.6896,-0.2191,0.1004,6.2014,-1.6806,2.8418,6.2014,0.19419086557641463,0.0532687076186045
1.6800000000000006,0.6925585090775723,-0.17478531083806656,0.1173327434439774,6.2014,-1.6806,2.8418,6.2014,0.3425,-0.2758
1.6900000000000006,0.6948715310949042,-0.14452342661416173,0.1262009017405689,2.3764,1.4576,-1.0861,2.3764,0.3425,-0.2758
1.7000000000000006,0.6960831721695366,-0.13566912645338625,0.12387082275089112,2.3764,1.4576,-1.0861,2.3764,0.3425,-0.2758
1.7100000000000006,0.6972948132441691,-0.1268148262926108,0.12154074376121336,2.3764,1.4576,-1.0861,2.3764,0.3425,-0.2758
1.7200000000000006,0.6985064543188015,-0.1179605261318353,0.11921066477153561,2.3764,1.4576,-1.0861,2.3764,0.3425,-0.2758
1.7300000000000006,0.7324,-0.1401,0.1434,2.3764,1.4576,-1.0861,2.3764,0.33065884139218044,-0.27491235692595056
1.7400000000000007,0.7324,-0.1401,0.1434,2.3764,1.4576,-1.0861,2.3764,0.07098431051932991,-0.2554465000389303
1.7500000000000007,0.8064102878716436,-0.18429060877772896,0.21408701038226158,2.3764,1.4576,-1.0861,2.3764,0.009,-0.2508
1.7600000000000007,0.8294525619834725,-0.19597214876033123,0.2394781129476601,-1.6386,0.9021,-2.2341,-1.6386,0.009,-0.2508
1.7700000000000007,0.8479649586776874,-0.20440190082644696,0.26143403581267394,-1.6386,0.9021,-2.2341,-1.6386,0.009,-0.2508
1.7800000000000007,0.8664773553719023,-0.21283165289256267,0.28338995867768774,-1.6386,0.9021,-2.2341,-1.6386,0.009,-0.2508
1.7900000000000007,0.9137673220338979,-0.24017118644067936,0.33316745762711775,-1.6386,0.9021,-2.2341,-1.6386,0.009,-0.2508
1.8000000000000007,0.9062128426150116,-0.261962953995159,0.31912387409200865,-1.6386,0.9021,-2.2341,-1.6386,0.009,-0.2508
1.8100000000000007,0.8989957671957651,-0.26698941798941944,0.3156925925925916,-1.6386,0.9021,-2.2341,-1.6386,-0.2266,-0.5461
1.8200000000000007,0.8757766249922242,-0.28262192573241285,0.3051722522858743,-1.2921,1.1016,-1.2392,-1.2921,-0.2266,-0.5461
1.8300000000000007,0.8644353714416032,-0.2843013435342416,0.3061674628351061,-1.2921,1.1016,-1.2392,-1.2921,-0.2266,-0.5461
1.8400000000000007,0.8530941178909822,-0.28598076133607025,0.30716267338433795,-1.2921,1.1016,-1.2392,-1.2921,-0.2266,-0.5461
1.8500000000000008,0.8417528643403611,-0.287660179137899,0.30815788393356974,-1.2921,1.1016,-1.2392,-1.2921,-0.2266,-0.5461
1.8600000000000008,0.8304116107897401,-0.2893395969397277,0.3091530944828016,-1.2921,1.1016,-1.2392,-1.2921,-0.2266,-0.5461
1.8700000000000008,0.7424,-0.2726,0.3314,-1.2921,1.1016,-1.2392,-1.2921,-0.18460353936461774,-0.552510048342545
1.8800000000000008,0.7424,-0.2726,0.3314,-1.2921,1.1016,-1.2392,-1.2921,0.12193996892267431,-0.5992987223756939
1.8900000000000008,0.6661424745581135,-0.2596773433315476,0.35218039635779314,-0.0563,-0.2428,0.0131,-0.0563,0.1285,-0.6003
1.9000000000000008,0.653032570714412,-0.25664217104088527,0.3509051138827249,-0.0563,-0.2428,0.0131,-0.0563,0.1285,-0.6003
1.9100000000000008,0.6399226668707106,-0.2536069987502229,0.3496298314076567,-0.0563,-0.2428,0.0131,-0.0563,0.1285,-0.6003
1.9200000000000008,0.6268127630270093,-0.2505718264595605,0.34835454893258844,-0.0563,-0.2428,0.0131,-0.0563,0.1285,-0.6003
1.9300000000000008,0.6885910072735367,-0.23874635221512439,0.31485532290059187,-0.0563,-0.2428,0.0131,-0.0563,0.1285,-0.6003
1.9400000000000008,0.7713,-0.2831,0.2814,-0.0563,-0.2428,0.0131,-0.0563,0.04833865814693722,-0.4092798722044069
1.9500000000000008,0.9029133053641129,-0.42088267905305565,0.2887689741284594,-0.0563,-0.2428,0.0131,-0.0563,-0.0005,-0.2929
1.9600000000000009,0.9661597585459265,-0.47812904408812656,0.2996322938137441,-1.7395,-0.7066,0.0904,-1.7395,-0.0005,-0.2929
1.9700000000000009,1.0175289798431397,-0.5207448858313072,0.3116246914902171,-1.7395,-0.7066,0.0904,-1.7395,-0.0005,-0.2929
1.9800000000000009,1.0688982011403532,-0.5633607275744877,0.32361708916669,-1.7395,-0.7066,0.0904,-1.7395,-0.0005,-0.2929
1.9900000000000009,1.1261999728187129,-0.6038522424571904,0.3366347377004644,-1.7395,-0.7066,0.0904,-1.7395,-0.0005,-0.2929
2.000000000000001,1.2654588293920577,-0.6149965751562935,0.3638160369665695,-1.7395,-0.7066,0.0904,-1.7395,-0.0005,-0.2929
2.0100000000000007,1.2744651616719267,-0.6079181782334337,0.3622313091482634,-1.7395,-0.7066,0.0904,-1.7395,-0.7343,-0.212
2.0200000000000005,1.3094,-0.542,0.3396,-1.5832474332647921,-1.083007255304815,0.12225968514717886,-1.5832474332647921,-0.7343,-0.212
2.0300000000000002,1.3036947812587076,-0.5695877353608546,0.3403506866764858,-1.483,-1.3245,0.1427,-1.483,-0.7343,-0.212
2.04,1.2976440667170892,-0.5988461247561807,0.3411468333266988,-1.483,-1.3245,0.1427,-1.483,-0.7343,-0.212
2.05,1.2722851107782889,-0.6269135412900891,0.3642268450136855,-1.483,-1.3245,0.1427,-1.483,-0.7343,-0.212
2.0599999999999996,1.2214148943862027,-0.6534073697257645,0.4167496978773929,-1.483,-1.3245,0.1427,-1.483,-0.7343,-0.212
2.0699999999999994,1.0446,-0.6139,0.487,-1.483,-1.3245,0.1427,-1.483,-0.4937849964757248,-0.33403212163928964
2.079999999999999,1.0446,-0.6139,0.487,0.006738535463987283,-2.26964342421372,0.24111015355685633,0.006738535463987283,0.045,-0.6074
2.089999999999999,0.907276205303338,-0.5872079926677379,0.4215484933708333,3.0675,-4.2115,0.4433,3.0675,0.045,-0.6074
2.0999999999999988,0.8714184310968304,-0.5884886274608274,0.4038707111289696,3.0675,-4.2115,0.4433,3.0675,0.045,-0.6074
2.1099999999999985,0.8355606568903228,-0.589769262253917,0.3861929288871059,3.0675,-4.2115,0.4433,3.0675,0.045,-0.6074
2.1199999999999983,0.7997028826838152,-0.5910498970470066,0.3685151466452422,3.0675,-4.2115,0.4433,3.0675,0.045,-0.6074
2.129999999999998,0.6432,-0.6104,0.2993,3.0675,-4.2115,0.4433,3.0675,0.06362119356214595,-0.5767924369748305
2.139999999999998,0.6432,-0.6104,0.2993,3.0675,-4.2115,0.4433,3.0675,0.20932693348522724,-0.33729663865551357
2.1499999999999977,0.5991766904892949,-0.618422319956017,0.2575971962616965,3.0675,-4.2115,0.4433,3.0675,0.2496,-0.2711
2.1599999999999975,0.5820221228211899,-0.6129936049867317,0.2300695082534962,1.4924,-4.5253,1.2253,1.4924,0.2496,-0.2711
2.1699999999999973,0.596162720766474,-0.5872519450536838,0.21292764054023344,1.4924,-4.5253,1.2253,1.4924,0.2496,-0.2711
2.179999999999997,0.6184163625441081,-0.5571260907111313,0.20548081775174648,1.4924,-4.5253,1.2253,1.4924,0.2496,-0.2711
2.189999999999997,0.6452992941353068,-0.5244986220620369,0.20356597206578123,1.4924,-4.5253,1.2253,1.4924,0.2496,-0.2711
2.1999999999999966,0.6721822257265054,-0.49187115341294246,0.20165112637981597,1.4924,-4.5253,1.2253,1.4924,0.2496,-0.2711
2.2099999999999964,0.7159111190306335,-0.39308528663072373,0.19297795540169327,1.4924,-4.5253,1.2253,1.4924,0.2496,-0.2711
2.219999999999996,0.6856,-0.3239,0.1991,0.026055870461045183,-4.189676518222217,0.6805267206536065,0.026055870461045183,-0.0261,0.8963
2.229999999999996,0.6777617450521422,-0.31935261545009774,0.20041634815918222,-2.5319,-3.6042,-0.2698,-2.5319,-0.0261,0.8963
2.2399999999999958,0.6693982634603143,-0.314500519259419,0.20182090231964186,-2.5319,-3.6042,-0.2698,-2.5319,-0.0261,0.8963
2.2499999999999956,0.6610347818684864,-0.30964842306874024,0.2032254564801015,-2.5319,-3.6042,-0.2698,-2.5319,-0.0261,0.8963
2.2599999999999953,0.6526713002766585,-0.30479632687806146,0.20463001064056113,-2.5319,-3.6042,-0.2698,-2.5319,-0.0261,0.8963
2.269999999999995,0.6702,-0.3314,0.2541,-2.5319,-3.6042,-0.2698,-2.5319,0.009621045918227721,0.9322900510202675
2.279999999999995,0.68390433544994,-0.338280599956194,0.2599286074009081,-2.5319,-3.6042,-0.2698,-2.5319,0.2262,1.1505
2.2899999999999947,0.7241532578540776,-0.35759430156706473,0.2766668216240489,-1.9366,-1.0162,-1.129,-1.9366,0.2262,1.1505
2.2999999999999945,0.7479467146534573,-0.3658420334407993,0.2852144710204647,-1.9366,-1.0162,-1.129,-1.9366,0.2262,1.1505
2.3099999999999943,0.7717401714528371,-0.37408976531453386,0.2937621204168806,-1.9366,-1.0162,-1.129,-1.9366,0.2262,1.1505
2.319999999999994,0.795533628252217,-0.3823374971882685,0.30230976981329644,-1.9366,-1.0162,-1.129,-1.9366,0.2262,1.1505
2.329999999999994,0.8963966986153353,-0.3797136670216771,0.3533171104010214,-1.9366,-1.0162,-1.129,-1.9366,0.2262,1.1505
2.3399999999999936,0.9105,-0.3782,0.3609,-1.9366,-1.0162,-1.129,-1.9366,0.16323361766185893,1.1200479177120126
2.3499999999999934,0.9234478006580048,-0.281221237967657,0.3927160960155981,-1.9366,-1.0162,-1.129,-1.9366,0.1346,1.1062
2.359999999999993,0.8963782545310082,-0.2278432126172254,0.38829808488784784,-1.4891,0.5624,-0.5119,-1.4891,0.1346,1.1062
2.369999999999993,0.8784530698121459,-0.20388774394488257,0.38153886551141913,-1.4891,0.5624,-0.5119,-1.4891,0.1346,1.1062
2.379999999999993,0.8605278850932835,-0.17993227527253974,0.3747796461349905,-1.4891,0.5624,-0.5119,-1.4891,0.1346,1.1062
2.3899999999999926,0.8461567448058713,-0.16028188260949705,0.36736173602278155,-1.4891,0.5624,-0.5119,-1.4891,0.1346,1.1062
2.3999999999999924,0.8355564661699761,-0.1451992004361375,0.3592449512387246,-1.4891,0.5624,-0.5119,-1.4891,0.1346,1.1062
2.409999999999992,0.8338,-0.1427,0.3579,-1.4891,0.5624,-0.5119,-1.4891,0.4481661943316932,0.648678050896896
2.419999999999992,0.8411535539113735,-0.17237920857923728,0.342199168675716,-1.4891,0.5624,-0.5119,-1.4891,0.5245,0.5373
2.4299999999999917,0.8483518588860853,-0.19577160866053953,0.3336399909785872,0.8203,1.0627,0.5821,0.8203,0.5245,0.5373
2.4399999999999915,0.8572783106215203,-0.21716185603720684,0.33219181662789166,0.8203,1.0627,0.5821,0.8203,0.5245,0.5373
2.4499999999999913,0.8662047623569552,-0.23855210341387417,0.3307436422771961,0.8203,1.0627,0.5821,0.8203,0.5245,0.5373
2.459999999999991,0.8751312140923901,-0.2599423507905415,0.3292954679265005,0.8203,1.0627,0.5821,0.8203,0.5245,0.5373
2.469999999999991,0.95346586782824,-0.37365737109608205,0.3396953159040785,0.8203,1.0627,0.5821,0.8203,0.5245,0.5373
2.4799999999999907,1.1556,-0.5803,0.4064,0.8203,1.0627,0.5821,0.8203,0.5303665071768725,0.4572846889974101
2.4899999999999904,1.333,-0.653,0.4909,0.49744718526340687,2.1054414534211,0.44006827021600115,0.49744718526340687,0.5611,0.0381
2.4999999999999902,1.3564056564499938,-0.6455538481552869,0.5113708539313935,0.3259,2.6595,0.3646,0.3259,0.5611,0.0381
2.50999999999999,1.3815136337617484,-0.637566128948335,0.5333305770931769,0.3259,2.6595,0.3646,0.3259,0.5611,0.0381
2.51999999999999,1.406621611073503,-0.6295784097413829,0.5552903002549602,0.3259,2.6595,0.3646,0.3259,0.5611,0.0381
2.5299999999999896,1.42103597918032,-0.5744046193889787,0.5876638256342082,0.3259,2.6595,0.3646,0.3259,0.5611,0.0381
2.5399999999999894,1.4002,-0.4565,0.6181,0.3259,2.6595,0.3646,0.3259,0.37440075360679786,0.16540768678659323
2.549999999999989,1.3590076180850261,-0.40952998529695206,0.586715328064782,0.3259,2.6595,0.3646,0.3259,0.2282,0.2651
2.559999999999989,1.2809318819437017,-0.32348935024128755,0.5246809673437851,3.0835,-0.4365,0.8587,3.0835,0.2282,0.2651
2.5699999999999887,1.2473778476041222,-0.3118183817753469,0.4764260015711458,3.0835,-0.4365,0.8587,3.0835,0.2282,0.2651
2.5799999999999885,1.213823813264543,-0.3001474133094062,0.42817103579850646,3.0835,-0.4365,0.8587,3.0835,0.2282,0.2651
2.5899999999999883,1.1806406991261307,-0.2975460674157199,0.3713126716605038,3.0835,-0.4365,0.8587,3.0835,0.2282,0.2651
2.599999999999988,1.1479315855181416,-0.30653483146066335,0.30345998751568687,3.0835,-0.4365,0.8587,3.0835,0.2282,0.2651
2.609999999999988,1.108639437220258,-0.3190029844382702,0.23108066510347808,3.0835,-0.4365,0.8587,3.0835,0.2282,0.2651
2.6199999999999877,1.039804585026409,-0.32472542077772465,0.16050005803848927,3.0835,-0.4365,0.8587,3.0835,0.1909,-0.2811
2.6299999999999875,0.9475809068622296,-0.3196560108859501,0.10879754391489821,5.0618,0.0102,2.104,5.0618,0.1909,-0.2811
2.6399999999999872,0.9187466476237967,-0.31554004408358405,0.10355699601898956,5.0618,0.0102,2.104,5.0618,0.1909,-0.2811
2.649999999999987,0.8899123883853636,-0.31142407728121807,0.09831644812308091,5.0618,0.0102,2.104,5.0618,0.1909,-0.2811
2.659999999999987,0.8610781291469306,-0.30730811047885204,0.09307590022717224,5.0618,0.0102,2.104,5.0618,0.1909,-0.2811
2.6699999999999866,0.811879012346255,-0.29435987654344853,0.08980411522629246,5.0618,0.0102,2.104,5.0618,0.1909,-0.2811
2.6799999999999864,0.7287,-0.2599,0.0963,5.0618,0.0102,2.104,5.0618,0.17499211032099546,-0.7904628675755405
2.689999999999986,0.6621161714350051,-0.21593434220708352,0.13391223903671468,5.0618,0.0102,2.104,5.0618,0.1704,-0.9375
2.699999999999986,0.6387563585731573,-0.21170440790345332,0.14708079830259904,2.1512,0.7261,-1.1888,2.1512,0.1704,-0.9375
2.7099999999999858,0.62178248242941,-0.21724743933164578,0.15662860363345685,2.1512,0.7261,-1.1888,2.1512,0.1704,-0.9375
2.7199999999999855,0.6048086062856628,-0.2227904707598382,0.16617640896431465,2.1512,0.7261,-1.1888,2.1512,0.1704,-0.9375
2.7299999999999853,0.5878347301419156,-0.22833350218803067,0.17572421429517246,2.1512,0.7261,-1.1888,2.1512,0.1704,-0.9375
2.739999999999985,0.516,-0.2905,0.1828,2.1512,0.7261,-1.1888,2.1512,0.11957973059674154,-0.9665863694674899
2.749999999999985,0.5093815866798093,-0.3208978452493716,0.19041410381968846,2.1512,0.7261,-1.1888,2.1512,-0.0024,-1.0364
2.7599999999999847,0.5670010214429969,-0.35499542161693115,0.24931704216165443,-1.5942,0.7778,-2.1181,-1.5942,-0.0024,-1.0364
2.7699999999999845,0.6077863010720893,-0.3494897710808547,0.2737664771080464,-1.5942,0.7778,-2.1181,-1.5942,-0.0024,-1.0364
2.7799999999999843,0.6485715807011816,-0.34398412054477834,0.29821591205443837,-1.5942,0.7778,-2.1181,-1.5942,-0.0024,-1.0364
2.789999999999984,0.6873506139399933,-0.34230292524376393,0.31559297580352813,-1.5942,0.7778,-2.1181,-1.5942,-0.0024,-1.0364
2.799999999999984,0.7231637835559788,-0.34627547851209173,0.3225148489225841,-1.5942,0.7778,-2.1181,-1.5942,-0.0024,-1.0364
2.8099999999999836,0.7324,-0.3473,0.3243,-1.5942,0.7778,-2.1181,-1.5942,-0.26414914354585894,-0.6908624849223612
2.8199999999999834,0.7456075779590481,-0.3580555381691826,0.33143320666142684,-1.5942,0.7778,-2.1181,-1.5942,-0.441,-0.4574
2.829999999999983,0.7568501095724315,-0.36701560124959043,0.33983688627779063,-3.517,-0.1915,-1.0761,-3.517,-0.441,-0.4574
2.839999999999983,0.7585752925817101,-0.3679714458898664,0.3461314729332668,-3.517,-0.1915,-1.0761,-3.517,-0.441,-0.4574
2.8499999999999828,0.7603004755909888,-0.36892729053014245,0.35242605958874296,-3.517,-0.1915,-1.0761,-3.517,-0.441,-0.4574
2.8599999999999826,0.7620256586002674,-0.36988313517041843,0.35872064624421907,-3.517,-0.1915,-1.0761,-3.517,-0.441,-0.4574
2.8699999999999823,0.748096076233371,-0.3486128923769499,0.3780368834079024,-3.517,-0.1915,-1.0761,-3.517,-0.441,-0.4574
2.879999999999982,0.7314519753720099,-0.28670791859083505,0.35978277749277077,-3.517,-0.1915,-1.0761,-3.517,-0.441,-0.4574
2.889999999999982,0.7092385331144478,-0.20432038861540663,0.3064644499180301,-3.517,-0.1915,-1.0761,-3.517,-0.2121,-0.0494
2.8999999999999817,0.6942612182798102,-0.19047329778623062,0.2851149409564604,-1.6045,-0.6739,0.1357,-1.6045,-0.2121,-0.0494
2.9099999999999815,0.6776787666452945,-0.18179123977556663,0.2641495854387477,-1.6045,-0.6739,0.1357,-1.6045,-0.2121,-0.0494
2.9199999999999813,0.6610963150107787,-0.17310918176490264,0.24318422992103506,-1.6045,-0.6739,0.1357,-1.6045,-0.2121,-0.0494
2.929999999999981,0.6322039845377596,-0.18657142432333335,0.19662595896548435,-1.6045,-0.6739,0.1357,-1.6045,-0.2121,-0.0494
2.939999999999981,0.5962,-0.2333,0.1281,-1.6045,-0.6739,0.1357,-1.6045,-0.1169139331508625,-0.06173163862739239
2.9499999999999806,0.5962,-0.2333,0.1281,-1.5934437476566596,-0.6009663292096189,0.13780188413946037,-1.5934437476566596,0.0295,-0.0807
2.9599999999999804,0.638267092651043,-0.35433514376791314,0.1301664536740863,-1.5398,-0.2471,0.148,-1.5398,0.0295,-0.0807
2.96999999999998,0.7228659250193247,-0.4570085697332548,0.17880199132262906,-1.5398,-0.2471,0.148,-1.5398,0.0295,-0.0807
2.97999999999998,0.7955102681053172,-0.5192698520412596,0.2287519301367342,-1.5398,-0.2471,0.148,-1.5398,0.0295,-0.0807
2.98999999999998,0.9079844604523555,-0.58413403410747,0.29080038959110305,-1.5398,-0.2471,0.148,-1.5398,0.0295,-0.0807
2.9999999999999796,1.1324772566887527,-0.6563186856805354,0.3868750735075965,-1.5398,-0.2471,0.148,-1.5398,0.0295,-0.0807
3.0099999999999794,1.2935138418758914,-0.6739214397968811,0.43969412475812136,-1.5398,-0.2471,0.148,-1.5398,0.0295,-0.0807
3.019999999999979,1.4095,-0.6827,0.4759,-1.5398,-0.2471,0.148,-1.5398,-0.6850796943171265,0.3385549126602248
3.029999999999979,1.5806836317135422,-0.638358567774993,0.5606253196930587,-2.3607,-0.29,-1.1623,-2.3607,-0.7639,0.3848
3.0399999999999787,1.5867356435643436,-0.6112891089109487,0.5777178217821419,-2.3607,-0.29,-1.1623,-2.3607,-0.7639,0.3848
3.0499999999999785,1.5927876554151448,-0.5842196500469042,0.5948103238712252,-2.3607,-0.29,-1.1623,-2.3607,-0.7639,0.3848
3.0599999999999783,1.5988396672659462,-0.5571501911828598,0.6119028259603084,-2.3607,-0.29,-1.1623,-2.3607,-0.7639,0.3848
3.069999999999978,1.5191183687464127,-0.45692401188094756,0.6097787297236767,-2.3607,-0.29,-1.1623,-2.3607,-0.7639,0.3848
3.079999999999978,1.4632,-0.4036,0.6,-2.3607,-0.29,-1.1623,-2.3607,-0.6113778969187694,0.05655399171109127
3.0899999999999777,1.3426757560487625,-0.3775621471775005,0.552396169354987,-2.3607,-0.29,-1.1623,-2.3607,-0.5588,-0.0566
3.0999999999999774,1.2780770375103467,-0.37450374190012425,0.5295954245383663,3.9325,-3.8248,1.7274,3.9325,-0.5588,-0.0566
3.1099999999999772,1.2428484165374536,-0.38819362051653356,0.5209860119862689,3.9325,-3.8248,1.7274,3.9325,-0.5588,-0.0566
3.119999999999977,1.2076197955645604,-0.4018834991329428,0.5123765994341716,3.9325,-3.8248,1.7274,3.9325,-0.5588,-0.0566
3.129999999999977,1.0980404580161238,-0.4360453036837907,0.47157421174944264,3.9325,-3.8248,1.7274,3.9325,-0.5588,-0.0566
3.1399999999999766,1.034750898808411,-0.440417269238547,0.4295058170067427,3.9325,-3.8248,1.7274,3.9325,-0.5588,-0.0566
3.1499999999999764,0.9966777822662987,-0.4364281761260445,0.3965831751162157,3.9325,-3.8248,1.7274,3.9325,-0.5588,-0.0566
3.159999999999976,0.9334,-0.3701,0.3051,4.3121937777641275,-3.018091703732706,2.279360888869045,4.3121937777641275,0.0284,-0.8536
3.169999999999976,0.8951967510716687,-0.341254702301699,0.27061980693737975,4.7068,-2.1797,2.853,4.7068,0.0284,-0.8536
3.1799999999999757,0.8541709253323767,-0.31027822281461276,0.23359210820165338,4.7068,-2.1797,2.853,4.7068,0.0284,-0.8536
3.1899999999999755,0.7988748926203978,-0.2762975400235522,0.1921507536120315,4.7068,-2.1797,2.853,4.7068,0.0284,-0.8536
3.1999999999999753,0.6657237797738536,-0.22592659117544603,0.1266294728623244,4.7068,-2.1797,2.853,4.7068,0.0284,-0.8536
3.209999999999975,0.649,-0.2196,0.1184,4.7068,-2.1797,2.853,4.7068,-0.11201099397550607,-0.7793615963857524
3.219999999999975,0.6179829648147344,-0.2170894827917931,0.10876285329752844,4.7068,-2.1797,2.853,4.7068,-0.2275,-0.7183
3.2299999999999747,0.5338299736118144,-0.21043235429092685,0.08253042106474995,0.6698,-2.5147,1.1976,0.6698,-0.2275,-0.7183
3.2399999999999745,0.5076138194126415,-0.2232822854520094,0.06606644676461294,0.6698,-2.5147,1.1976,0.6698,-0.2275,-0.7183
3.2499999999999742,0.49030658608544836,-0.23355160845150025,0.055754059198612475,0.6698,-2.5147,1.1976,0.6698,-0.2275,-0.7183
3.259999999999974,0.4974446844960316,-0.2367399590748941,0.06232110973634905,0.6698,-2.5147,1.1976,0.6698,-0.2275,-0.7183
3.269999999999974,0.5044268009294957,-0.23802482018371118,0.07333739072692297,0.6698,-2.5147,1.1976,0.6698,-0.2275,-0.7183
3.2799999999999736,0.5106235476374738,-0.22972560584266893,0.10675556047351972,0.6698,-2.5147,1.1976,0.6698,-0.2275,-0.7183
3.2899999999999734,0.5154460516781808,-0.22286674716280683,0.1295571359572453,0.6698,-2.5147,1.1976,0.6698,-0.21,-0.3793
3.299999999999973,0.5429170270603941,-0.17338677869768934,0.16875384900530388,-3.0492,-0.8851,-1.3514,-3.0492,-0.21,-0.3793
3.309999999999973,0.5535434943778287,-0.15497580625236665,0.17224451995550766,-3.0492,-0.8851,-1.3514,-3.0492,-0.21,-0.3793
3.3199999999999728,0.5641699616952632,-0.13656483380704396,0.17573519090571146,-3.0492,-0.8851,-1.3514,-3.0492,-0.21,-0.3793
3.3299999999999725,0.5772276580712687,-0.11035902507970394,0.17780883080185916,-3.0492,-0.8851,-1.3514,-3.0492,-0.21,-0.3793
3.3399999999999723,0.5908,-0.0738,0.1742,-3.0492,-0.8851,-1.3514,-3.0492,-0.17152204658921041,-0.25537787021692493
3.349999999999972,0.5908,-0.0738,0.1742,-3.0492,-0.8851,-1.3514,-3.0492,-0.10229219158564577,-0.03241613976767632
3.359999999999972,0.6015760721632825,-0.023304431081029323,0.16418377907900034,-3.0492,-0.8851,-1.3514,-3.0492,-0.0935,-0.0041
3.3699999999999717,0.6073219444444367,0.005811232638833596,0.15500384548615098,-4.2208,-0.6417,-1.4052,-4.2208,-0.0935,-0.0041
3.3799999999999715,0.6100997222222143,0.025429288194388396,0.140854539930596,-4.2208,-0.6417,-1.4052,-4.2208,-0.0935,-0.0041
3.3899999999999713,0.6136631554349978,0.04266416487541242,0.12652630152356636,-4.2208,-0.6417,-1.4052,-4.2208,-0.0935,-0.0041
3.399999999999971,0.6446006262266606,-0.023136377231326388,0.1059636321152105,-4.2208,-0.6417,-1.4052,-4.2208,-0.0935,-0.0041
3.409999999999971,0.7271922210564519,-0.12744916358385666,0.12969393805546528,-4.2208,-0.6417,-1.4052,-4.2208,-0.0935,-0.0041
3.4199999999999706,0.7996,-0.2179,0.1516,-4.2208,-0.6417,-1.4052,-4.2208,0.058247018345570084,-0.19353142201453646
3.4299999999999704,1.053,-0.4197,0.2304,-3.9170250470193837,-0.1048082361953272,-1.2200940203140107,-3.9170250470193837,0.1771,-0.3419
3.43999999999997,1.1194952257436903,-0.46678004218430275,0.2508582459239946,-3.3932,0.821,-0.9009,-3.3932,0.1771,-0.3419
3.44999999999997,1.1994462005470181,-0.5233870425263379,0.2754563533233785,-3.3932,0.821,-0.9009,-3.3932,0.1771,-0.3419
3.4599999999999698,1.2793971753503457,-0.5799940428683732,0.3000544607227624,-3.3932,0.821,-0.9009,-3.3932,0.1771,-0.3419
3.4699999999999696,1.4743,-0.6325,0.4404,-3.3932,0.821,-0.9009,-3.3932,0.21566085455505093,-0.3087459535942576
3.4799999999999693,1.4743,-0.6325,0.4404,-3.3932,0.821,-0.9009,-3.3932,0.4420898302200169,-0.11406570458463933
3.489999999999969,1.492429718684522,-0.592522628778105,0.4725582113664141,-3.3932,0.821,-0.9009,-3.3932,0.5772,0.0021
3.499999999999969,1.5233555186941872,-0.5246253922967944,0.525331795109954,-1.1727,-0.044,-1.2403,-1.1727,0.5772,0.0021
3.5099999999999687,1.5352654148558167,-0.5003743223966521,0.5323317619347556,-1.1727,-0.044,-1.2403,-1.1727,0.5772,0.0021
3.5199999999999685,1.547175311017446,-0.47612325249650983,0.5393317287595574,-1.1727,-0.044,-1.2403,-1.1727,0.5772,0.0021
3.5299999999999683,1.5338089165550721,-0.35164744280192145,0.5549839165542808,-1.1727,-0.044,-1.2403,-1.1727,0.5772,0.0021
3.539999999999968,1.487378730009473,-0.1489633631235229,0.5290547507056944,-1.1727,-0.044,-1.2403,-1.1727,0.5772,0.0021
3.549999999999968,1.4667766603951742,-0.05907625117620521,0.4838995296332585,-1.1727,-0.044,-1.2403,-1.1727,0.5772,0.0021
3.5599999999999676,1.3878741317369867,-0.040741077844262584,0.37655544910239047,-1.1727,-0.044,-1.2403,-1.1727,0.8496,0.6785
3.5699999999999674,1.3204650058668919,-0.04909384998422866,0.304530641330282,5.3876,-3.246,1.3288,5.3876,0.8496,0.6785
3.579999999999967,1.2605674584325002,-0.05876674584319873,0.26890118764857274,5.3876,-3.246,1.3288,5.3876,0.8496,0.6785
3.589999999999967,1.2006699109981087,-0.06843964170216879,0.23327173396686346,5.3876,-3.246,1.3288,5.3876,0.8496,0.6785
3.599999999999967,1.140772363563717,-0.07811253756113887,0.19764228028515418,5.3876,-3.246,1.3288,5.3876,0.8496,0.6785
3.6099999999999666,1.034497406294859,-0.0822334545837837,0.14857014602790022,5.3876,-3.246,1.3288,5.3876,0.8496,0.6785
3.6199999999999664,0.9211018662031317,-0.08550194527912869,0.09743408192330906,5.3876,-3.246,1.3288,5.3876,0.8496,0.6785
3.629999999999966,0.8047019776124975,-0.048702686567346144,0.07061850746281126,5.3876,-3.246,1.3288,5.3876,-0.2332,0.0428
3.639999999999966,0.7832682090333202,-0.04385031680520017,0.06703389525082418,5.1609,0.8653,1.5969,5.1609,-0.2332,0.0428
3.6499999999999657,0.7797223158751503,-0.046262686740676476,0.06825461256757122,5.1609,0.8653,1.5969,5.1609,-0.2332,0.0428
3.6599999999999655,0.7761764227169803,-0.04867505667615279,0.06947532988431827,5.1609,0.8653,1.5969,5.1609,-0.2332,0.0428
3.6699999999999653,0.7847660915226293,-0.07600082520575178,0.05104246061557661,5.1609,0.8653,1.5969,5.1609,-0.2332,0.0428
3.679999999999965,0.791784191493028,-0.11866659204398315,0.037584191493028066,5.1609,0.8653,1.5969,5.1609,-0.2332,0.0428
3.689999999999965,0.7912,-0.1433,0.037,5.1609,0.8653,1.5969,5.1609,-0.3222448275841493,-0.29468280650561157
3.6999999999999647,0.778,-0.1758,0.0717,0.10561955492363495,1.3249311208199201,-1.4668662161709627,0.10561955492363495,-0.3556,-0.4211
3.7099999999999644,0.772667668260409,-0.18167644722322276,0.09941361529964318,-0.1855,1.3514,-1.6433,-0.1855,-0.3556,-0.4211
3.7199999999999642,0.7672612688488607,-0.18763452004411268,0.12751218094877825,-0.1855,1.3514,-1.6433,-0.1855,-0.3556,-0.4211
3.729999999999964,0.7650626610897344,-0.19441736378020727,0.15262248473880444,-0.1855,1.3514,-1.6433,-0.1855,-0.3556,-0.4211
3.739999999999964,0.7716569786720691,-0.20346099932169476,0.1695416195643373,-0.1855,1.3514,-1.6433,-0.1855,-0.3556,-0.4211
3.7499999999999636,0.7782512962544038,-0.21250463486318227,0.18646075438987017,-0.1855,1.3514,-1.6433,-0.1855,-0.3556,-0.4211
3.7599999999999634,0.8007095700932564,-0.22498413707156012,0.19805639875384287,-0.1855,1.3514,-1.6433,-0.1855,0.2673,-0.7107
3.769999999999963,0.834815119563045,-0.24373731877225985,0.20208574656376246,-1.5026,0.4699,-2.2613,-1.5026,0.2673,-0.7107
3.779999999999963,0.8689580932654231,-0.2707253310737719,0.1948052595242848,-1.5026,0.4699,-2.2613,-1.5026,0.2673,-0.7107
3.7899999999999627,0.8939003874444723,-0.2850846145207148,0.1781561850750394,-1.5026,0.4699,-2.2613,-1.5026,0.2673,-0.7107
3.7999999999999625,0.9148448537255655,-0.29395653321351034,0.15743632433047272,-1.5026,0.4699,-2.2613,-1.5026,0.2673,-0.7107
3.8099999999999623,0.9177066759581836,-0.2637130731708598,0.13314083623702702,-1.5026,0.4699,-2.2613,-1.5026,0.2673,-0.7107
3.819999999999962,0.9189145737514473,-0.22989193495947838,0.10851830429742246,-1.5026,0.4699,-2.2613,-1.5026,0.2673,-0.7107
3.829999999999962,0.9050650383811618,-0.1633315247737957,0.0642869330080649,-1.5026,0.4699,-2.2613,-1.5026,0.1583,-0.6202
3.8399999999999617,0.8834611604612498,-0.12325327105332888,0.03964832464835216,-1.3742,-0.6909,-0.9597,-1.3742,0.1583,-0.6202
3.8499999999999615,0.8602141372142269,-0.10821425601431406,0.032493317493345115,-1.3742,-0.6909,-0.9597,-1.3742,0.1583,-0.6202
3.8599999999999612,0.836967113967204,-0.09317524097529925,0.02533831033833807,-1.3742,-0.6909,-0.9597,-1.3742,0.1583,-0.6202
3.869999999999961,0.8137200907201811,-0.07813622593628444,0.018183303183331022,-1.3742,-0.6909,-0.9597,-1.3742,0.1583,-0.6202
3.879999999999961,0.776243951613056,-0.08710661290318072,-0.02636338709658413,-1.3742,-0.6909,-0.9597,-1.3742,0.1583,-0.6202
3.8899999999999606,0.739,-0.0981,-0.0727,-1.3742,-0.6909,-0.9597,-1.3742,0.1629810109285461,-0.6566348815996792
3.8999999999999604,0.7796215071001259,-0.18425538250073215,-0.15545451213886113,-1.3742,-0.6909,-0.9597,-1.3742,0.1814,-0.8
3.90999999999996,0.814774366845588,-0.23627659247867608,-0.15496246025657567,-0.3492,-0.993,-1.6204,-0.3492,0.1814,-0.8
3.91999999999996,0.853147352263853,-0.29127787157818924,-0.14871314548845824,-0.3492,-0.993,-1.6204,-0.3492,0.1814,-0.8
3.9299999999999597,0.8954305609281455,-0.43718437136998467,-0.08897098646219853,-0.3492,-0.993,-1.6204,-0.3492,0.1814,-0.8
3.9399999999999595,0.9397935753741076,-0.6153453846766753,0.02553772316044079,-0.3492,-0.993,-1.6204,-0.3492,0.1814,-0.8
3.9499999999999593,0.9797023096627945,-0.6873172043868649,0.08341939796629963,-0.3492,-0.993,-1.6204,-0.3492,0.1814,-0.8
3.959999999999959,1.0747343050483655,-0.7443220718374122,0.14737686100946862,-0.3492,-0.993,-1.6204,-0.3492,0.2199,-0.9761
3.969999999999959,1.242372796967038,-0.7708607230755632,0.19061359868746994,-1.5213,-0.3044,-3.3922,-1.5213,0.2199,-0.9761
3.9799999999999587,1.3264487255647321,-0.7841001357887937,0.16730317972229494,-1.5213,-0.3044,-3.3922,-1.5213,0.2199,-0.9761
3.9899999999999585,1.4105246541624263,-0.7973395485020242,0.14399276075711998,-1.5213,-0.3044,-3.3922,-1.5213,0.2199,-0.9761
3.9999999999999583,1.4946005827601208,-0.8105789612152545,0.120682341791945,-1.5213,-0.3044,-3.3922,-1.5213,0.2199,-0.9761
4.009999999999958,1.608547791506384,-0.8439875822561522,0.09483777872472429,-1.5213,-0.3044,-3.3922,-1.5213,0.2199,-0.9761
4.019999999999958,1.7275649765653207,-0.8808194716657993,0.06856310183223827,-1.5213,-0.3044,-3.3922,-1.5213,0.2199,-0.9761
4.029999999999958,1.847942643710066,-0.8759220973251147,0.0686141718838319,-1.5213,-0.3044,-3.3922,-1.5213,-0.2211,0.0609
4.039999999999957,1.8631044650724282,-0.8462839047363232,0.08695721593588689,0.7016,-4.6816,-1.6094,0.7016,-0.2211,0.0609
4.049999999999957,1.8001598211263636,-0.7924523443325037,0.12256260925521624,0.7016,-4.6816,-1.6094,0.7016,-0.2211,0.0609
4.059999999999957,1.7372151771802988,-0.7386207839286841,0.1581680025745456,0.7016,-4.6816,-1.6094,0.7016,-0.2211,0.0609
4.069999999999957,1.4068714667622013,-0.6067399750491418,0.31952338264093016,0.7016,-4.6816,-1.6094,0.7016,-0.2211,0.0609
4.0799999999999566,1.2950821243989892,-0.5764423453931099,0.39130203172308825,0.7016,-4.6816,-1.6094,0.7016,-0.2211,0.0609
4.089999999999956,1.183292782035777,-0.5461447157370779,0.46308068080524634,0.7016,-4.6816,-1.6094,0.7016,-0.2211,0.0609
4.099999999999956,0.9542,-0.4764,0.559,3.9214655155590603,-5.4959156501898185,-1.5211993273579856,3.9214655155590603,0.5019,-0.3492
4.109999999999956,0.9113036703732037,-0.4526889554127112,0.5541462868617999,7.5465,-6.4127,-1.4219,7.5465,0.5019,-0.3492
4.119999999999956,0.862662861180538,-0.4258026365699763,0.5486425867390823,7.5465,-6.4127,-1.4219,7.5465,0.5019,-0.3492
4.1299999999999555,0.8189134884686913,-0.4004267936794189,0.5375802288995698,7.5465,-6.4127,-1.4219,7.5465,0.5019,-0.3492
4.139999999999955,0.7956432004426895,-0.3813748936759613,0.5032453165521408,7.5465,-6.4127,-1.4219,7.5465,0.5019,-0.3492
4.149999999999955,0.7723729124166878,-0.36232299367250365,0.46891040420471175,7.5465,-6.4127,-1.4219,7.5465,0.5019,-0.3492
4.159999999999955,0.7544845102782447,-0.34553244256376375,0.4392829625155706,7.5465,-6.4127,-1.4219,7.5465,0.8286,-0.4881
4.169999999999955,0.7320969963370186,-0.29740073260079763,0.36087853479873494,2.833,-3.6149,1.4195,2.833,0.8286,-0.4881
4.179999999999954,0.7271685914086139,-0.2830817182817836,0.3167892907094918,2.833,-3.6149,1.4195,2.833,0.8286,-0.4881
4.189999999999954,0.7201452063034214,-0.2779494526644859,0.276762143630625,2.833,-3.6149,1.4195,2.833,0.8286,-0.4881
4.199999999999954,0.7111833393480508,-0.2813176711175111,0.24049364850251426,2.833,-3.6149,1.4195,2.833,0.8286,-0.4881
4.209999999999954,0.7063198435277577,-0.28694171408247565,0.21199089615944372,2.833,-3.6149,1.4195,2.833,0.8286,-0.4881
4.219999999999954,0.7021413229018686,-0.2929427809388057,0.18478605974408083,2.833,-3.6149,1.4195,2.833,0.8286,-0.4881
4.229999999999953,0.7153460258008387,-0.29842756276871,0.16210441115292235,2.833,-3.6149,1.4195,2.833,0.5025,-0.4356
4.239999999999953,0.7429001029351495,-0.3040826975264242,0.14451294800211184,-1.7902,-1.4286,1.3877,-1.7902,0.5025,-0.4356
4.249999999999953,0.7564064506066298,-0.30651571165662156,0.14647807479957894,-1.7902,-1.4286,1.3877,-1.7902,0.5025,-0.4356
4.259999999999953,0.7699127982781101,-0.3089487257868189,0.14844320159704605,-1.7902,-1.4286,1.3877,-1.7902,0.5025,-0.4356
4.2699999999999525,0.7790252944867219,-0.31288100648213385,0.15352299435411565,-1.7902,-1.4286,1.3877,-1.7902,0.5025,-0.4356
4.279999999999952,0.7645274900676797,-0.32486957552095713,0.17533940196546266,-1.7902,-1.4286,1.3877,-1.7902,0.5025,-0.4356
4.289999999999952,0.7605,-0.3282,0.1814,-1.7902,-1.4286,1.3877,-1.7902,0.9976169846039619,-0.47598087093776315
4.299999999999952,0.7605,-0.3282,0.1814,-2.0611982249084195,-0.7348708183005733,-0.9698344191825237,-2.0611982249084195,1.0236,-0.4781
4.309999999999952,0.7062478544623894,-0.3482037526512927,0.29688223201156916,-2.079,-0.6893,-1.1247,-2.079,1.0236,-0.4781
4.319999999999951,0.7067781204111575,-0.3558314243758805,0.33359295154167085,-2.079,-0.6893,-1.1247,-2.079,1.0236,-0.4781
4.329999999999951,0.7304170599437486,-0.36300842737795963,0.387604807268934,-2.079,-0.6893,-1.1247,-2.079,1.0236,-0.4781
4.339999999999951,0.7995804812302876,-0.35620397986293384,0.4617015499265142,-2.079,-0.6893,-1.1247,-2.079,1.0236,-0.4781
4.349999999999951,0.8280816902523663,-0.33820738890879787,0.4925415229712671,-2.079,-0.6893,-1.1247,-2.079,1.0236,-0.4781
4.359999999999951,0.8565828992744452,-0.3202107979546619,0.5233814960160199,-2.079,-0.6893,-1.1247,-2.079,1.0236,-0.4781
4.36999999999995,0.9292,-0.2768,0.5644,-1.7137554104574555,-0.49827322761701065,-0.8691513526187231,-1.7137554104574555,0.8,-0.1342
4.37999999999995,0.9472206630077297,-0.25905563335865806,0.5639702056522858,-1.6618,-0.4711,-0.8328,-1.6618,0.8,-0.1342
4.38999999999995,0.965735676886104,-0.24082449533191125,0.5635286209941985,-1.6618,-0.4711,-0.8328,-1.6618,0.8,-0.1342
4.39999999999995,0.9842506907644784,-0.22259335730516447,0.5630870363361112,-1.6618,-0.4711,-0.8328,-1.6618,0.8,-0.1342
4.4099999999999495,1.0052327277389574,-0.19610707049131756,0.5496143290728843,-1.6618,-0.4711,-0.8328,-1.6618,0.8,-0.1342
4.419999999999949,1.0268203821654953,-0.16759426751606862,0.5329426751593205,-1.6618,-0.4711,-0.8328,-1.6618,0.8,-0.1342
4.429999999999949,1.0628379789750826,-0.14169674465957155,0.5047374194648884,-1.6618,-0.4711,-0.8328,-1.6618,0.5769,0.2939
4.439999999999949,1.1386600307527615,-0.10446246273583812,0.4426212414096893,-0.542,0.2242,1.9665,-0.542,0.5769,0.2939
4.449999999999949,1.149392136065467,-0.08635595757375866,0.4268682681144313,-0.542,0.2242,1.9665,-0.542,0.5769,0.2939
4.4599999999999485,1.1601242413781727,-0.0682494524116792,0.41111529481917325,-0.542,0.2242,1.9665,-0.542,0.5769,0.2939
4.469999999999948,1.1700764187116306,-0.03907162576739064,0.37330502300706403,-0.542,0.2242,1.9665,-0.542,0.5769,0.2939
4.479999999999948,1.1898254774723878,-0.07765495881050022,0.3356593538589901,-0.542,0.2242,1.9665,-0.542,0.5769,0.2939
4.489999999999948,1.2116856643194582,-0.1360101523306803,0.31812518293533976,-0.542,0.2242,1.9665,-0.542,0.5769,0.2939
4.499999999999948,1.230525267879268,-0.2555888612000671,0.3222254672314037,-0.542,0.2242,1.9665,-0.542,0.3476,-0.2821
4.509999999999947,1.204727225199115,-0.3029857803319144,0.3371025017281998,1.6588,2.0982,2.3207,1.6588,0.3476,-0.2821
4.519999999999947,1.1365021992744717,-0.28799269357076734,0.35797184151388867,1.6588,2.0982,2.3207,1.6588,0.3476,-0.2821
4.529999999999947,1.0658423411776576,-0.27131947511211624,0.37649993060371406,1.6588,2.0982,2.3207,1.6588,0.3476,-0.2821
4.539999999999947,0.982409119298914,-0.2458321241563412,0.3827455933379263,1.6588,2.0982,2.3207,1.6588,0.3476,-0.2821
4.5499999999999465,0.8989758974201703,-0.2203447732005662,0.38899125607213847,1.6588,2.0982,2.3207,1.6588,0.3476,-0.2821
4.559999999999946,0.8155426755414266,-0.1948574222447912,0.39523691880635065,1.6588,2.0982,2.3207,1.6588,0.3476,-0.2821
4.569999999999946,0.6683,-0.219,0.3973,2.1077844181160925,1.9974935897502881,1.7704071006283186,2.1077844181160925,0.4303,-0.955
4.579999999999946,0.6966166557648249,-0.27505861925397984,0.3861196230006042,2.7774,1.8473,0.9497,2.7774,0.4303,-0.955
4.589999999999946,0.7510929776921953,-0.3382053125913941,0.3655550924569925,2.7774,1.8473,0.9497,2.7774,0.4303,-0.955
4.5999999999999455,0.8963087100080057,-0.39866906369206506,0.3130162019374775,2.7774,1.8473,0.9497,2.7774,0.4303,-0.955
4.609999999999945,0.9884999589532414,-0.4108787006977728,0.27635038247714316,2.7774,1.8473,0.9497,2.7774,0.4303,-0.955
4.619999999999945,1.0701447964471773,-0.4134907384603759,0.2428416694654638,2.7774,1.8473,0.9497,2.7774,0.4303,-0.955
4.629999999999945,1.1392,-0.4157,0.2145,2.7774,1.8473,0.9497,2.7774,0.29303827692802226,-0.8266581538507778
4.639999999999945,1.1922669980579426,-0.3537507587979031,0.12859795898221504,-0.9939,0.7481,1.6717,-0.9939,0.141,-0.6845
4.649999999999944,1.156187069164372,-0.33073992823530657,0.11240149455188962,-0.9939,0.7481,1.6717,-0.9939,0.141,-0.6845
4.659999999999944,1.1201071402708016,-0.3077290976727101,0.09620503012156421,-0.9939,0.7481,1.6717,-0.9939,0.141,-0.6845
4.669999999999944,1.0746569407836606,-0.2847273966438633,0.08137579888128778,-0.9939,0.7481,1.6717,-0.9939,0.141,-0.6845
4.679999999999944,0.9800128206782203,-0.2617736256672042,0.07372454188906807,-0.9939,0.7481,1.6717,-0.9939,0.141,-0.6845
4.6899999999999435,0.9426,-0.2527,0.0707,-0.9939,0.7481,1.6717,-0.9939,0.2520021757488553,-0.7353387410219153
4.699999999999943,0.8733655698071611,-0.23042878469321262,0.062261837678794854,-0.9939,0.7481,1.6717,-0.9939,0.3148,-0.7641
4.709999999999943,0.8358467916367078,-0.21470779507195736,0.04881371135344224,0.9465,-0.9779,0.2686,0.9465,0.3148,-0.7641
4.719999999999943,0.8214271809661966,-0.2021542516646888,0.027820454641962738,0.9465,-0.9779,0.2686,0.9465,0.3148,-0.7641
4.729999999999943,0.8022068769309321,-0.19108509185497258,0.00906730612908094,0.9465,-0.9779,0.2686,0.9465,0.3148,-0.7641
4.7399999999999425,0.7714059361067063,-0.19405157153908906,0.018812034341610336,0.9465,-0.9779,0.2686,0.9465,0.3148,-0.7641
4.749999999999942,0.7720323409115996,-0.1982521684660207,0.03808319392744579,0.9465,-0.9779,0.2686,0.9465,0.3148,-0.7641
4.759999999999942,0.772658745716493,-0.20245276539295232,0.05735435351328124,0.9465,-0.9779,0.2686,0.9465,0.3148,-0.7641
4.769999999999942,0.7833391841316073,-0.18437587949125112,0.10608961452041407,0.9465,-0.9779,0.2686,0.9465,0.1185,-0.8694
4.779999999999942,0.7897831719875998,-0.17501382766912682,0.13140654308257133,-0.1835,0.098,-1.1831,-0.1835,0.1185,-0.8694
4.789999999999941,0.7968892481976922,-0.16529875729494242,0.15883531067611661,-0.1835,0.098,-1.1831,-0.1835,0.1185,-0.8694
4.799999999999941,0.8039953244077848,-0.15558368692075805,0.1862640782696619,-0.1835,0.098,-1.1831,-0.1835,0.1185,-0.8694
4.809999999999941,0.8249998544182582,-0.13965651477663518,0.19320164507204904,-0.1835,0.098,-1.1831,-0.1835,0.1185,-0.8694
4.819999999999941,0.8491300043673048,-0.12233230455680683,0.19553095064782428,-0.1835,0.098,-1.1831,-0.1835,0.1185,-0.8694
4.829999999999941,0.8716,-0.1062,0.1977,-0.1835,0.098,-1.1831,-0.1835,0.034368389808170016,-0.81739748515992
4.83999999999994,0.8868509173028918,-0.11984734962531862,0.14411952244262613,-1.8588,0.3337,-0.9244,-1.8588,-0.2316,-0.653
4.84999999999994,0.8564258770396055,-0.1295105384776397,0.10728736783160525,-1.8588,0.3337,-0.9244,-1.8588,-0.2316,-0.653
4.85999999999994,0.8260008367763192,-0.13917372732996075,0.07045521322058436,-1.8588,0.3337,-0.9244,-1.8588,-0.2316,-0.653
4.86999999999994,0.7706141131420351,-0.1623839127866627,0.02705153211598759,-1.8588,0.3337,-0.9244,-1.8588,-0.2316,-0.653
4.8799999999999395,0.741221436004099,-0.18903283264709608,0.009988942677476714,-1.8588,0.3337,-0.9244,-1.8588,-0.2316,-0.653
4.889999999999939,0.7516272632673661,-0.19821710627511,0.007998262679286505,-1.8588,0.3337,-0.9244,-1.8588,-0.2316,-0.653
4.899999999999939,0.785480143387083,-0.19422052234040507,0.019082435027346203,-1.8588,0.3337,-0.9244,-1.8588,0.3909,-0.4433
4.909999999999939,0.8231138485144166,-0.19064938834656886,0.04122523336585836,-1.1291,0.8445,-0.0264,-1.1291,0.3909,-0.4433
4.919999999999939,0.8457045309235205,-0.1985774391542921,0.06607498401587257,-1.1291,0.8445,-0.0264,-1.1291,0.3909,-0.4433
4.929999999999938,0.868684852614263,-0.20852029921475831,0.09090124722248046,-1.1291,0.8445,-0.0264,-1.1291,0.3909,-0.4433
4.939999999999938,0.895110567323195,-0.23627914975541894,0.11551982224840252,-1.1291,0.8445,-0.0264,-1.1291,0.3909,-0.4433
4.949999999999938,0.921536282032127,-0.26403800029607954,0.1401383972743246,-1.1291,0.8445,-0.0264,-1.1291,0.3909,-0.4433
4.959999999999938,0.947961996741059,-0.2917968508367402,0.16475697230024663,-1.1291,0.8445,-0.0264,-1.1291,0.3909,-0.4433
4.969999999999938,0.9889375648096806,-0.2970261414952677,0.2537937614973872,-1.1291,0.8445,-0.0264,-1.1291,0.8873,0.0325
4.979999999999937,1.0102288096504415,-0.2785506794395946,0.29665675359222815,-1.7925,0.5312,-1.6845,-1.7925,0.8873,0.0325
4.989999999999937,1.0231789604398684,-0.25059254568050315,0.31379352847248343,-1.7925,0.5312,-1.6845,-1.7925,0.8873,0.0325
4.999999999999937,1.0361291112292952,-0.22263441192141176,0.33093030335273876,-1.7925,0.5312,-1.6845,-1.7925,0.8873,0.0325
5.009999999999937,1.1528895749149775,-0.20314357523811505,0.22766027153739432,-1.7925,0.5312,-1.6845,-1.7925,0.8873,0.0325
5.0199999999999365,1.179154323581536,-0.24839975755587757,0.18046453854887057,-1.7925,0.5312,-1.6845,-1.7925,0.8873,0.0325
5.029999999999936,1.2044,-0.2919,0.1351,-1.7925,0.5312,-1.6845,-1.7925,0.8267119126506054,0.04645618795270014
5.039999999999936,1.2629095213040655,-0.42412764334445274,0.08172459232029786,-1.7925,0.5312,-1.6845,-1.7925,0.4154,0.1412
5.049999999999936,1.274033078360561,-0.4676964926764361,0.0594252509889229,0.0679,-0.0958,0.0452,0.0679,0.4154,0.1412
5.059999999999936,1.2865933808508907,-0.5211538354553474,0.0314362032250051,0.0679,-0.0958,0.0452,0.0679,0.4154,0.1412
5.0699999999999354,1.254397063774663,-0.546954058350543,0.020979792406877206,0.0679,-0.0958,0.0452,0.0679,0.4154,0.1412
5.079999999999935,1.1638790162713921,-0.5367146717786336,0.03336991771078569,0.0679,-0.0958,0.0452,0.0679,0.4154,0.1412
5.089999999999935,1.1001,-0.5295,0.0421,0.0679,-0.0958,0.0452,0.0679,0.5328932284515836,0.07465754674109222
5.099999999999935,1.0343979371583119,-0.4561175298122752,0.10387085908163142,0.0679,-0.0958,0.0452,0.0679,0.7643,-0.0564
5.109999999999935,0.9195838604625646,-0.3272379036270707,0.212206115802443,2.403,-0.0188,-0.3769,2.403,0.7643,-0.0564
5.119999999999934,0.9172103990727097,-0.22987078986651252,0.27192902798437274,2.403,-0.0188,-0.3769,2.403,0.7643,-0.0564
5.129999999999934,0.9009201782212967,-0.1241252982942308,0.3027324271263932,2.403,-0.0188,-0.3769,2.403,0.7643,-0.0564
5.139999999999934,0.8541128818062621,-0.04260292164694418,0.25287058432945475,2.403,-0.0188,-0.3769,2.403,0.7643,-0.0564
5.149999999999934,0.8308725099603131,-0.012589641434461563,0.23686792828695852,2.403,-0.0188,-0.3769,2.403,0.7643,-0.0564
5.1599999999999335,0.8076321381143642,0.017423638778021056,0.22086527224446223,2.403,-0.0188,-0.3769,2.403,0.7643,-0.0564
5.169999999999933,0.8098664596269963,0.03812197414790366,0.22286358905465273,2.403,-0.0188,-0.3769,2.403,0.9446,0.0652
5.179999999999933,0.821953222611671,0.052542869114635606,0.2404542739599937,1.4749,-1.0861,-1.0505,1.4749,0.9446,0.0652
5.189999999999933,0.8128872466860276,0.0672846030777617,0.2532532987961962,1.4749,-1.0861,-1.0505,1.4749,0.9446,0.0652
5.199999999999933,0.8038212707603842,0.08202633704088778,0.26605232363239867,1.4749,-1.0861,-1.0505,1.4749,0.9446,0.0652
5.2099999999999325,0.8225821020561943,0.07626039603967107,0.26399376860766427,1.4749,-1.0861,-1.0505,1.4749,0.9446,0.0652
5.219999999999932,0.8469537699922182,0.06635940594066136,0.2589394170186593,1.4749,-1.0861,-1.0505,1.4749,0.9446,0.0652
5.229999999999932,0.8713254379282421,0.05645841584165166,0.25388506542965433,1.4749,-1.0861,-1.0505,1.4749,0.9446,0.0652
5.239999999999932,0.8859849937123129,0.03471833170344525,0.21931914209899694,1.4749,-1.0861,-1.0505,1.4749,-0.108,0.0216
5.249999999999932,0.8768106688330218,0.017644272948965666,0.21984838884372923,-0.8332,2.9815,0.3872,-0.8332,-0.108,0.0216
5.259999999999931,0.8630394414143533,-0.003244667517554041,0.22410354338320546,-0.8332,2.9815,0.3872,-0.8332,-0.108,0.0216
5.269999999999931,0.812401936294368,-0.06537077821290244,0.22390494789748552,-0.8332,2.9815,0.3872,-0.8332,-0.108,0.0216
5.279999999999931,0.8221573128371215,-0.0784518513043219,0.21448214100959861,-0.8332,2.9815,0.3872,-0.8332,-0.108,0.0216
5.289999999999931,0.831912689379875,-0.09153292439574137,0.20505933412171173,-0.8332,2.9815,0.3872,-0.8332,-0.108,0.0216
5.2999999999999305,0.8420752985072386,-0.10767958955177599,0.19691623134339212,-0.8332,2.9815,0.3872,-0.8332,-0.1304,-0.3147
5.30999999999993,0.8633464059311234,-0.15506659503586953,0.18647275169223787,-0.7764,3.3231,0.4077,-0.7764,-0.1304,-0.3147
5.31999999999993,0.8484651337703849,-0.1729563554312701,0.1917376061028963,-0.7764,3.3231,0.4077,-0.7764,-0.1304,-0.3147
5.32999999999993,0.8326343086109045,-0.1881361318775534,0.1959563115150844,-0.7764,3.3231,0.4077,-0.7764,-0.1304,-0.3147
5.33999999999993,0.8132183993977603,-0.19308423062439348,0.19622522992523878,-0.7764,3.3231,0.4077,-0.7764,-0.1304,-0.3147
5.3499999999999295,0.793802490184616,-0.19803232937123358,0.1964941483353931,-0.7764,3.3231,0.4077,-0.7764,-0.1304,-0.3147
5.359999999999929,0.7743865809714718,-0.20298042811807365,0.19676306674554747,-0.7764,3.3231,0.4077,-0.7764,-0.1304,-0.3147
5.369999999999929,0.7460076715569266,-0.21225926487919233,0.1943812173327538,-0.7764,3.3231,0.4077,-0.7764,-0.1053,-0.5201
5.379999999999929,0.706293932970729,-0.22947503599418323,0.18002921532573446,-1.0405,1.5437,0.0961,-1.0405,-0.1053,-0.5201
5.389999999999929,0.7056940289553715,-0.23755374340099797,0.15391339385717,-1.0405,1.5437,0.0961,-1.0405,-0.1053,-0.5201
5.399999999999928,0.7050941249400139,-0.24563245080781268,0.12779757238860556,-1.0405,1.5437,0.0961,-1.0405,-0.1053,-0.5201
5.409999999999928,0.7163928198660267,-0.2810422718969785,0.10555270940231662,-1.0405,1.5437,0.0961,-1.0405,-0.1053,-0.5201
5.419999999999928,0.7199154779507443,-0.28634800382704695,0.12451417761141371,-1.0405,1.5437,0.0961,-1.0405,-0.1053,-0.5201
5.429999999999928,0.7234381360354618,-0.2916537357571154,0.1434756458205108,-1.0405,1.5437,0.0961,-1.0405,-0.1053,-0.5201
5.439999999999928,0.696042888617249,-0.2925,0.16344159118705356,-1.0405,1.5437,0.0961,-1.0405,0.0294,-0.2388
5.449999999999927,0.6721262870141422,-0.2762315925296763,0.1610946419981443,-1.8007,0.2968,-0.1435,-1.8007,0.0294,-0.2388
5.459999999999927,0.6462329221888794,-0.24045326072720152,0.13975011153407624,-1.8007,0.2968,-0.1435,-1.8007,0.0294,-0.2388
5.469999999999927,0.620466524163754,-0.20174788104128388,0.11662403345748429,-1.8007,0.2968,-0.1435,-1.8007,0.0294,-0.2388
5.479999999999927,0.5953271189592934,-0.1485880297401692,0.08470024163592327,-1.8007,0.2968,-0.1435,-1.8007,0.0294,-0.2388
5.4899999999999265,0.5706,-0.0963,0.0533,-1.8007,0.2968,-0.1435,-1.8007,0.029579698976439205,-0.23115390728821306
5.499999999999926,0.5631034438778498,-0.07864387755172422,0.04596760204110861,-1.8007,0.2968,-0.1435,-1.8007,0.0385,0.1484
5.509999999999926,0.5286167939365538,0.0004909723400669894,0.012103948187391172,-2.2384,-0.3512,-0.6997,-2.2384,0.0385,0.1484
5.519999999999926,0.4954135584594352,0.00015158662820547028,-0.025341608687996446,-2.2384,-0.3512,-0.6997,-2.2384,0.0385,0.1484
5.529999999999926,0.4720339157271491,-0.010855522113652434,-0.05406337805435169,-2.2384,-0.3512,-0.6997,-2.2384,0.0385,0.1484
5.539999999999925,0.47680359383764226,-0.05243079120511707,-0.057787297862544225,-2.2384,-0.3512,-0.6997,-2.2384,0.0385,0.1484
5.549999999999925,0.48157327194813543,-0.09400606029658169,-0.061511217670736765,-2.2384,-0.3512,-0.6997,-2.2384,0.0385,0.1484
5.559999999999925,0.4863429500586286,-0.13558132938804632,-0.0652351374789293,-2.2384,-0.3512,-0.6997,-2.2384,0.0385,0.1484
5.569999999999925,0.7059,-0.4489,0.042,-2.2384,-0.3512,-0.6997,-2.2384,0.03545826612974359,0.07227899195328552
5.579999999999925,1.1350555842575996,-0.9003430379739201,0.3182601351926086,-3.6982,1.3716,-1.3564,-3.6982,0.015,-0.4397
5.589999999999924,1.3234651252891965,-1.0016088607587272,0.41233574011812035,-3.6982,1.3716,-1.3564,-3.6982,0.015,-0.4397
5.599999999999924,1.5118746663207936,-1.1028746835435344,0.506411345043632,-3.6982,1.3716,-1.3564,-3.6982,0.015,-0.4397
5.609999999999924,1.608396287890492,-1.0795235759446324,0.527251943588881,-3.6982,1.3716,-1.3564,-3.6982,0.015,-0.4397
5.619999999999924,1.6839352731393147,-1.0277161517267703,0.5313693045874218,-3.6982,1.3716,-1.3564,-3.6982,0.015,-0.4397
5.6299999999999235,1.7594742583881373,-0.9759087275089084,0.5354866655859628,-3.6982,1.3716,-1.3564,-3.6982,0.015,-0.4397
5.639999999999923,1.7637046499615097,-0.7568830018116006,0.5034646861281461,-3.6982,1.3716,-1.3564,-3.6982,-0.6055,0.7387
5.649999999999923,1.721836702658748,-0.5825423919179786,0.4725946663199533,-1.9659,-1.3524,-0.7231,-1.9659,-0.6055,0.7387
5.659999999999923,1.646558093751938,-0.46723949958894184,0.4476174320282928,-1.9659,-1.3524,-0.7231,-1.9659,-0.6055,0.7387
5.669999999999923,1.575686490203115,-0.37431742866907414,0.42358765898947537,-1.9659,-1.3524,-0.7231,-1.9659,-0.6055,0.7387
5.6799999999999224,1.5375977999315447,-0.44788222756903806,0.4066058783088295,-1.9659,-1.3524,-0.7231,-1.9659,-0.6055,0.7387
5.689999999999922,1.4799777070451485,-0.4544158669151136,0.3840318239146777,-1.9659,-1.3524,-0.7231,-1.9659,-0.6055,0.7387
5.699999999999922,1.4124742537990969,-0.4270301243170712,0.3586279442678095,-1.9659,-1.3524,-0.7231,-1.9659,-0.6055,0.7387
5.709999999999922,1.2426,-0.1769,0.2123,-0.5237527211091868,-1.8660831094476231,-0.1082098234328932,-0.5237527211091868,0.1875,0.8709
5.719999999999922,1.1582194168743216,-0.10326488833823048,0.15453045905766938,7.4815,-4.7175,3.305,7.4815,0.1875,0.8709
5.729999999999921,1.0472215437796752,-0.006402073733481173,0.07853790322640447,7.4815,-4.7175,3.305,7.4815,0.1875,0.8709
5.739999999999921,0.9452312373422113,0.04915069018154272,0.02133409154674839,7.4815,-4.7175,3.305,7.4815,0.1875,0.8709
5.749999999999921,0.8521268220491605,0.06395142554439384,-0.017334777053879494,7.4815,-4.7175,3.305,7.4815,0.1875,0.8709
5.759999999999921,0.7590224067561095,0.07875216090724496,-0.056003645654507384,7.4815,-4.7175,3.305,7.4815,0.1875,0.8709
5.7699999999999205,0.6933,0.0892,-0.0833,7.4815,-4.7175,3.305,7.4815,0.06189393088288361,0.30963919641878
5.77999999999992,0.4516671732389392,-0.0049421833546858356,-0.05872445933213343,4.8119,-0.1213,1.4544,4.8119,0.0355,0.1917
5.78999999999992,0.41102151881692695,-0.052242214828089426,-0.025182802032552562,4.8119,-0.1213,1.4544,4.8119,0.0355,0.1917
5.79999999999992,0.3703758643949147,-0.09954224630149301,0.008358855267028308,4.8119,-0.1213,1.4544,4.8119,0.0355,0.1917
5.80999999999992,0.3656,-0.1051,0.0123,4.8119,-0.1213,1.4544,4.8119,0.09873715584996126,0.21095316494574293
5.8199999999999195,0.3656,-0.1051,0.0123,4.8119,-0.1213,1.4544,4.8119,0.17039398967493585,0.23276978244820087
5.829999999999919,0.3656,-0.1051,0.0123,4.8119,-0.1213,1.4544,4.8119,0.24205082349991042,0.2545863999506588
5.839999999999919,0.5721,-0.1025,0.162,3.160156981094141,0.7869501359195449,0.6257787172018703,3.160156981094141,0.2687,0.2627
5.849999999999919,0.7098028732199598,-0.07734948418449303,0.18563175036230609,-2.3963,3.8423,-2.1617,-2.3963,0.2687,0.2627
5.859999999999919,0.7422438315284244,-0.07820207178786923,0.19100305226357617,-2.3963,3.8423,-2.1617,-2.3963,0.2687,0.2627
5.869999999999918,0.7715972811198896,-0.07742774677900549,0.19818807953725837,-2.3963,3.8423,-2.1617,-2.3963,0.2687,0.2627
5.879999999999918,0.7870177944606627,-0.06931168712596703,0.21355786750519995,-2.3963,3.8423,-2.1617,-2.3963,0.2687,0.2627
5.889999999999918,0.7992,-0.0629,0.2257,-2.3963,3.8423,-2.1617,-2.3963,0.24121270369829004,0.2934806202896658
5.899999999999918,0.7992,-0.0629,0.2257,-2.3963,3.8423,-2.1617,-2.3963,0.11032081654217171,0.4400550026271397
5.9099999999999175,0.7992,-0.0629,0.2257,-2.3963,3.8423,-2.1617,-2.3963,-0.02057107061394664,0.5866293849646136
5.919999999999917,0.83921840490786,-0.04310950920231508,0.20277085889587107,-3.4186,2.7772,-0.5379,-3.4186,-0.0301,0.5973
5.929999999999917,0.8480705240436796,-0.058949826118127324,0.18879609065834674,-3.4186,2.7772,-0.5379,-3.4186,-0.0301,0.5973
5.939999999999917,0.844544921453441,-0.07247662789292024,0.18946763400886837,-3.4186,2.7772,-0.5379,-3.4186,-0.0301,0.5973
5.949999999999917,0.8410193188632025,-0.08600342966771315,0.19013917735939,-3.4186,2.7772,-0.5379,-3.4186,-0.0301,0.5973
5.9599999999999165,0.8374937162729639,-0.09953023144250606,0.19081072070991165,-3.4186,2.7772,-0.5379,-3.4186,-0.0301,0.5973
5.969999999999916,0.8367964326810791,-0.15111734752317835,0.18745293440763444,-3.4186,2.7772,-0.5379,-3.4186,-0.0301,0.5973
5.979999999999916,0.9344,-0.4653,0.1818,-1.11546060122694,3.0668173842291813,-0.10720950448467753,-1.11546060122694,0.335,-0.1216
5.989999999999916,1.010496786866182,-0.5841416725119445,0.21937193770137076,-0.7983,3.1067,-0.0479,-0.7983,0.335,-0.1216
5.999999999999916,1.0889309106209164,-0.7066336046011806,0.2580979093584489,-0.7983,3.1067,-0.0479,-0.7983,0.335,-0.1216
6.009999999999915,1.1520588059696397,-0.7504219402982706,0.2906338805967493,-0.7983,3.1067,-0.0479,-0.7983,0.335,-0.1216
6.019999999999915,1.2120982314835773,-0.7783295719513251,0.32192084201606685,-0.7983,3.1067,-0.0479,-0.7983,0.335,-0.1216
6.029999999999915,1.2721376569975151,-0.8062372036043798,0.3532078034353843,-0.7983,3.1067,-0.0479,-0.7983,0.335,-0.1216
6.039999999999915,1.3153,-0.8263,0.3757,-0.7983,3.1067,-0.0479,-0.7983,-0.04467393336075176,0.0067925482135125365
6.049999999999915,1.458981789256781,-0.7183793374516395,0.3980831430533886,-0.209,1.3468,-0.1875,-0.209,-0.1272,0.0347
6.059999999999914,1.4812539210179638,-0.6285421673224985,0.37793216669803265,-0.209,1.3468,-0.1875,-0.209,-0.1272,0.0347
6.069999999999914,1.475371472667801,-0.5798306083840438,0.36086736035061495,-0.209,1.3468,-0.1875,-0.209,-0.1272,0.0347
6.079999999999914,1.4437076272032991,-0.5687781340237931,0.34662858707569744,-0.209,1.3468,-0.1875,-0.209,-0.1272,0.0347
6.089999999999914,1.3839903863439618,-0.5762071877805572,0.34192497753814766,-0.209,1.3468,-0.1875,-0.209,-0.1272,0.0347
6.0999999999999135,1.2976841657425182,-0.6011530151681147,0.34625878653344366,-0.209,1.3468,-0.1875,-0.209,-0.1272,0.0347
6.109999999999913,1.1813225994203762,-0.58037478176612,0.31870038797365685,-0.209,1.3468,-0.1875,-0.209,-0.3544,-0.0722
6.119999999999913,1.102433806695052,-0.5527713809594011,0.2660274597889556,4.0927,-3.6359,1.4808,4.0927,-0.3544,-0.0722
6.129999999999913,1.0600727962134806,-0.5390535622857794,0.20661578032221334,4.0927,-3.6359,1.4808,4.0927,-0.3544,-0.0722
6.139999999999913,1.0285047171118136,-0.5358106985751172,0.17184798450693028,4.0927,-3.6359,1.4808,4.0927,-0.3544,-0.0722
6.149999999999912,1.0080316226312491,-0.5433359441139192,0.1624137612395351,4.0927,-3.6359,1.4808,4.0927,-0.3544,-0.0722
6.159999999999912,0.9875585281506849,-0.5508611896527212,0.15297953797213995,4.0927,-3.6359,1.4808,4.0927,-0.3544,-0.0722
6.169999999999912,0.9670854336701207,-0.5583864351915232,0.1435453147047448,4.0927,-3.6359,1.4808,4.0927,-0.3544,-0.0722
6.179999999999912,0.8685,-0.5531,0.1765,4.017624576651081,-3.2829023014020953,1.4548282240597017,4.017624576651081,-0.0424,-0.3806
6.189999999999912,0.8169911614764997,-0.5064669981328505,0.1864183685830041,3.7834,-2.1816,1.3738,3.7834,-0.0424,-0.3806
6.199999999999911,0.7546015799308944,-0.449983226490834,0.19843189642107373,3.7834,-2.1816,1.3738,3.7834,-0.0424,-0.3806
6.209999999999911,0.7290809983167098,-0.41319517676324796,0.20571592069042746,3.7834,-2.1816,1.3738,3.7834,-0.0424,-0.3806
6.219999999999911,0.7103492023623508,-0.380033751971009,0.21212908906281858,3.7834,-2.1816,1.3738,3.7834,-0.0424,-0.3806
6.229999999999911,0.6916174064079917,-0.34687232717877003,0.21854225743520966,3.7834,-2.1816,1.3738,3.7834,-0.0424,-0.3806
6.2399999999999105,0.6611843225818416,-0.2809673548418849,0.22617916129015744,3.7834,-2.1816,1.3738,3.7834,-0.0424,-0.3806
6.24999999999991,0.5740303099887403,-0.1441841770170517,0.20938383258561616,0.1132,-1.7625,-0.1654,0.1132,0.0897,-0.0811
6.25999999999991,0.5493460390358139,-0.13985268761093564,0.17692375534942117,0.1132,-1.7625,-0.1654,0.1132,0.0897,-0.0811
6.26999999999991,0.5266904244685228,-0.1366740671692011,0.14985792061821687,0.1132,-1.7625,-0.1654,0.1132,0.0897,-0.0811
6.27999999999991,0.51328900326942,-0.1387545297343844,0.14739919213209116,0.1132,-1.7625,-0.1654,0.1132,0.0897,-0.0811
6.289999999999909,0.49988758207031714,-0.1408349922995677,0.14494046364596544,0.1132,-1.7625,-0.1654,0.1132,0.0897,-0.0811
6.299999999999909,0.4864861608712143,-0.142915454864751,0.14248173515983972,0.1132,-1.7625,-0.1654,0.1132,0.0897,-0.0811
6.309999999999909,0.4795,-0.144,0.1412,-0.8209221479764376,-0.8818813764133165,-0.019310684481637808,-0.8209221479764376,0.2281,-0.3092
6.319999999999909,0.36198881987655546,-0.10362363902106403,0.11056006576563325,-2.7239,0.9121,0.2783,-2.7239,0.2281,-0.3092
6.329999999999909,0.30169872843750095,-0.08983579328700544,0.09396751757401381,-2.7239,0.9121,0.2783,-2.7239,0.2281,-0.3092
6.339999999999908,0.29258186463864805,-0.10118388954189338,0.08748974592746044,-2.7239,0.9121,0.2783,-2.7239,0.2281,-0.3092
6.349999999999908,0.28346500083979514,-0.11253198579678131,0.08101197428090706,-2.7239,0.9121,0.2783,-2.7239,0.2281,-0.3092
6.359999999999908,0.27434813704094224,-0.12388008205166925,0.0745342026343537,-2.7239,0.9121,0.2783,-2.7239,0.2281,-0.3092
6.369999999999908,0.33950656996168926,-0.23548498292929115,0.07519394197917223,-2.7239,0.9121,0.2783,-2.7239,0.2281,-0.3092
6.3799999999999075,0.744833960607965,-0.5695702115212756,0.2195665645493915,-2.7239,0.9121,0.2783,-2.7239,0.7013,-0.5
6.389999999999907,0.9653276119377937,-0.6452141791037495,0.2999421641782177,-4.5377,1.9708,-0.7082,-4.5377,0.7013,-0.5
6.399999999999907,1.2343087929890508,-0.7234101557422935,0.39517253406789676,-4.5377,1.9708,-0.7082,-4.5377,0.7013,-0.5
6.409999999999907,1.349935250253973,-0.7263486427767651,0.42753218979648033,-4.5377,1.9708,-0.7082,-4.5377,0.7013,-0.5
6.419999999999907,1.4399518802630922,-0.716719331044562,0.4493926050102563,-4.5377,1.9708,-0.7082,-4.5377,0.7013,-0.5
6.4299999999999065,1.5299685102722114,-0.7070900193123588,0.4712530202240323,-4.5377,1.9708,-0.7082,-4.5377,0.7013,-0.5
6.439999999999906,1.6084,-0.6987,0.4903,-4.5377,1.9708,-0.7082,-4.5377,0.39889133180554587,-0.06376213885616977
6.449999999999906,1.7051,-0.6396,0.5179,-4.421525101961245,1.4232007703371916,-0.642726597198026,-4.421525101961245,-0.0062,0.5206
6.459999999999906,1.6579400985641306,-0.5850648716875959,0.5478683514631021,-4.2357,0.5473,-0.538,-4.2357,-0.0062,0.5206
6.469999999999906,1.5933453730552058,-0.5126562372527833,0.5759655501878517,-4.2357,0.5473,-0.538,-4.2357,-0.0062,0.5206
6.479999999999905,1.4887291626418957,-0.4031017552345352,0.5777905636070679,-4.2357,0.5473,-0.538,-4.2357,-0.0062,0.5206
6.489999999999905,1.401103793790539,-0.33425725663230005,0.5610123607603414,-4.2357,0.5473,-0.538,-4.2357,-0.0062,0.5206
6.499999999999905,1.3468606683533113,-0.34539646989173073,0.5076840499386226,-4.2357,0.5473,-0.538,-4.2357,-0.0062,0.5206
6.509999999999905,1.277366975399395,-0.36803882778523733,0.43513041968316374,-4.2357,0.5473,-0.538,-4.2357,0.3272,0.3961
6.5199999999999045,1.1805359451527049,-0.38011170421188434,0.33898114593610074,6.4658,-2.68,2.8076,6.4658,0.3272,0.3961
6.529999999999904,1.08738108608208,-0.34599482533496745,0.2614427848521987,6.4658,-2.68,2.8076,6.4658,0.3272,0.3961
6.539999999999904,1.0218416841777558,-0.31770875709205143,0.20402561199870922,6.4658,-2.68,2.8076,6.4658,0.3272,0.3961
6.549999999999904,0.9795533883172816,-0.29433199726855935,0.16354967167511233,6.4658,-2.68,2.8076,6.4658,0.3272,0.3961
6.559999999999904,0.9372650924568071,-0.27095523744506733,0.12307373135151543,6.4658,-2.68,2.8076,6.4658,0.3272,0.3961
6.5699999999999035,0.8949767965963329,-0.24757847762157528,0.08259779102791856,6.4658,-2.68,2.8076,6.4658,0.3272,0.3961
6.579999999999903,0.8033117303965758,-0.22917835385631302,0.0028767984456535556,6.4658,-2.68,2.8076,6.4658,0.1625,0.1742
6.589999999999903,0.7244123111226082,-0.22633579390622885,-0.053963537279990544,4.5282,0.2324,2.5059,4.5282,0.1625,0.1742
6.599999999999903,0.6742513004711361,-0.24045518949701353,-0.07124121872660866,4.5282,0.2324,2.5059,4.5282,0.1625,0.1742
6.609999999999903,0.6609061346778674,-0.2477720771849615,-0.06517939445145142,4.5282,0.2324,2.5059,4.5282,0.1625,0.1742
6.619999999999902,0.6564450307526241,-0.2534474460839398,-0.05348549481309142,4.5282,0.2324,2.5059,4.5282,0.1625,0.1742
6.629999999999902,0.6519839268273806,-0.25912281498291817,-0.041791595174731425,4.5282,0.2324,2.5059,4.5282,0.1625,0.1742
6.639999999999902,0.6517580043360305,-0.26258347071703864,-0.02352260304073009,4.5282,0.2324,2.5059,4.5282,0.1625,0.1742
6.649999999999902,0.6872353710417124,-0.1974001575554336,0.10203901055543357,4.5282,0.2324,2.5059,4.5282,0.0903,0.12
6.6599999999999016,0.6789503575728649,-0.18920553706725482,0.12249505062636944,-0.2285,1.3616,-1.8435,-0.2285,0.0903,0.12
6.669999999999901,0.6694,-0.1841,0.1455,-0.2285,1.3616,-1.8435,-0.2285,0.08908607736283329,0.12713028313126493
6.679999999999901,0.6694,-0.1841,0.1455,-0.2285,1.3616,-1.8435,-0.2285,0.08108395055172082,0.17413280871946046
6.689999999999901,0.6694,-0.1841,0.1455,-0.2285,1.3616,-1.8435,-0.2285,0.07308182374060834,0.221135334307656
6.699999999999901,0.6694,-0.1841,0.1455,-0.2285,1.3616,-1.8435,-0.2285,0.06507969692949586,0.26813785989585154
6.7099999999999005,0.6939,-0.1925,0.1792,-0.5661542645424291,1.435173087116087,-1.9142691745099454,-0.5661542645424291,0.0602,0.2968
6.7199999999999,0.7138579684747233,-0.20582907180276164,0.21091891418304243,-1.9385,1.7342,-2.2019,-1.9385,0.0602,0.2968
6.7299999999999,0.7269787431355377,-0.1692515801620556,0.23193981281660894,-1.9385,1.7342,-2.2019,-1.9385,0.0602,0.2968
6.7399999999999,0.726914639201693,-0.16066165302686058,0.2224096946516911,-1.9385,1.7342,-2.2019,-1.9385,0.0602,0.2968
6.7499999999999,0.7268505352678483,-0.15207172589166557,0.21287957648677325,-1.9385,1.7342,-2.2019,-1.9385,0.0602,0.2968
6.759999999999899,0.7267864313340036,-0.14348179875647057,0.20334945832185541,-1.9385,1.7342,-2.2019,-1.9385,0.0602,0.2968
6.769999999999899,0.7267223274001587,-0.13489187162127556,0.19381934015693758,-1.9385,1.7342,-2.2019,-1.9385,0.0602,0.2968
6.779999999999899,0.6951708917201609,-0.17194118895886543,0.15627305732503732,-1.9385,1.7342,-2.2019,-1.9385,-0.0003,0.3068
6.789999999999899,0.6722251467038023,-0.22432934252002,0.1469347049182798,-1.5887,2.1381,-0.7491,-1.5887,-0.0003,0.3068
6.799999999999899,0.6710620896258951,-0.25296521754424944,0.15107589299870686,-1.5887,2.1381,-0.7491,-1.5887,-0.0003,0.3068
6.809999999999898,0.6698990325479879,-0.28160109256847893,0.15521708107913387,-1.5887,2.1381,-0.7491,-1.5887,-0.0003,0.3068
6.819999999999898,0.6687359754700808,-0.31023696759270836,0.15935826915956092,-1.5887,2.1381,-0.7491,-1.5887,-0.0003,0.3068
6.829999999999898,0.6675729183921736,-0.33887284261693784,0.16349945723998793,-1.5887,2.1381,-0.7491,-1.5887,-0.0003,0.3068
6.839999999999898,0.6664098613142665,-0.3675087176411673,0.16764064532041498,-1.5887,2.1381,-0.7491,-1.5887,-0.0003,0.3068
6.8499999999998975,1.0835,-0.7429,0.4086,-1.5220555068254793,2.358400316754655,-0.7823055311876553,-1.5220555068254793,-0.2311,0.2357
6.859999999999897,1.2531871946320685,-0.7768782536455074,0.44645565195940917,-1.4745,2.5156,-0.806,-1.4745,-0.2311,0.2357
6.869999999999897,1.4341290194919811,-0.8011482485714315,0.4871652352335477,-1.4745,2.5156,-0.806,-1.4745,-0.2311,0.2357
6.879999999999897,1.5225065660257608,-0.7602082905861871,0.5085634471637829,-1.4745,2.5156,-0.806,-1.4745,-0.2311,0.2357
6.889999999999897,1.597,-0.7257,0.5266,-1.4745,2.5156,-0.806,-1.4745,-0.31286090957506096,0.25745727713177
6.899999999999896,1.597,-0.7257,0.5266,-1.4745,2.5156,-0.806,-1.4745,-0.8332995447148221,0.39595044793511724
6.909999999999896,1.550200000004251,-0.6389000000078846,0.5039600000020565,-1.4745,2.5156,-0.806,-1.4745,-1.2942,0.5186
6.919999999999896,1.2904,-0.5928,0.4739,0.02213729520399199,-0.6461124315095739,0.4801645238451917,0.02213729520399199,-1.2942,0.5186
6.929999999999896,1.2904,-0.5928,0.4739,0.5336,-1.7266,0.9197,0.5336,-1.0468104465306964,0.3454255918400869
6.939999999999896,1.2904,-0.5928,0.4739,0.5336,-1.7266,0.9197,0.5336,-0.7885750044931292,0.16465898624322545
6.949999999999895,1.2904,-0.5928,0.4739,0.5336,-1.7266,0.9197,0.5336,-0.5303395624555619,-0.016107619353636027
6.959999999999895,1.2904,-0.5928,0.4739,0.5336,-1.7266,0.9197,0.5336,-0.2721041204179946,-0.19687422495049745
6.969999999999895,1.2904,-0.5928,0.4739,0.5336,-1.7266,0.9197,0.5336,-0.01386867838042738,-0.377640830547359
6.979999999999895,0.8803145414304084,-0.6316665251891823,0.3487964015514008,0.5336,-1.7266,0.9197,0.5336,0.1435,-0.4878
6.9899999999998945,0.769772903932124,-0.6106552795835253,0.28762021105481506,5.7738,-2.5766,2.6333,5.7738,0.1435,-0.4878
6.999999999999894,0.7140493340202785,-0.5645192523008541,0.27005377388860974,5.7738,-2.5766,2.6333,5.7738,0.1435,-0.4878
7.009999999999894,0.7069,-0.5586,0.2678,5.7738,-2.5766,2.6333,5.7738,0.14811472194811154,-0.44823924729937104
7.019999999999894,0.7069,-0.5586,0.2678,5.7738,-2.5766,2.6333,5.7738,0.15340865558143432,-0.4028557980609766
7.029999999999894,0.7069,-0.5586,0.2678,5.7738,-2.5766,2.6333,5.7738,0.1587025892147571,-0.3574723488225822
7.0399999999998935,0.7069,-0.5586,0.2678,5.7738,-2.5766,2.6333,5.7738,0.16399652284807992,-0.3120888995841878
7.049999999999893,0.6061837354785993,-0.3034509383387169,0.14810008936640495,5.7738,-2.5766,2.6333,5.7738,0.1655,-0.2992
7.059999999999893,0.6065922259285745,-0.2992130943630246,0.12678613671075095,-0.0353,-2.2074,1.1002,-0.0353,0.1655,-0.2992
7.069999999999893,0.6134616780685642,-0.3054606207948671,0.11067260699966407,-0.0353,-2.2074,1.1002,-0.0353,0.1655,-0.2992
7.079999999999893,0.6203311302085539,-0.31170814722670953,0.09455907728857718,-0.0353,-2.2074,1.1002,-0.0353,0.1655,-0.2992
7.089999999999892,0.6256,-0.3165,0.0822,-0.0353,-2.2074,1.1002,-0.0353,0.17081862278841672,-0.3147569716561189
7.099999999999892,0.6256,-0.3165,0.0822,-0.0353,-2.2074,1.1002,-0.0353,0.19364533003589549,-0.38152509035499427
7.109999999999892,0.631192924825813,-0.34347763739509796,0.05588035376088006,-0.0353,-2.2074,1.1002,-0.0353,0.2135,-0.4396
7.119999999999892,0.6477,-0.3843,0.0601,-1.136191059638119,-1.2592865602330243,0.45976187102295973,-1.136191059638119,0.2135,-0.4396
7.1299999999998915,0.6365960373642141,-0.3877369408158385,0.10088062468023763,-2.5278,-0.0608,-0.3498,-2.5278,0.2135,-0.4396
7.139999999999891,0.6252492060474667,-0.3851855424551604,0.12741261291231348,-2.5278,-0.0608,-0.3498,-2.5278,0.2135,-0.4396
7.149999999999891,0.6146948654560437,-0.3771271607873847,0.13789564039163232,-2.5278,-0.0608,-0.3498,-2.5278,0.2135,-0.4396
7.159999999999891,0.6041405248646206,-0.36906877911960895,0.1483786678709512,-2.5278,-0.0608,-0.3498,-2.5278,0.2135,-0.4396
7.169999999999891,0.5935861842731975,-0.3610103974518332,0.15886169535027006,-2.5278,-0.0608,-0.3498,-2.5278,0.2135,-0.4396
7.1799999999998905,0.548604179567832,-0.31956929824682023,0.17166491228050876,-2.5278,-0.0608,-0.3498,-2.5278,0.2135,-0.4396
7.18999999999989,0.5486124999997932,-0.2903138888887063,0.1535078703703517,-2.5243,0.1691,-1.5665,-2.5243,0.5192,-0.4642
7.19999999999989,0.5674348938221866,-0.3069376555124725,0.15520599706847837,-2.5243,0.1691,-1.5665,-2.5243,0.5192,-0.4642
7.20999999999989,0.58625728764458,-0.3235614221362387,0.15690412376660504,-2.5243,0.1691,-1.5665,-2.5243,0.5192,-0.4642
7.21999999999989,0.6050796814669732,-0.3401851887600049,0.1586022504647317,-2.5243,0.1691,-1.5665,-2.5243,0.5192,-0.4642
7.229999999999889,0.6239020752893666,-0.3568089553837711,0.16030037716285836,-2.5243,0.1691,-1.5665,-2.5243,0.5192,-0.4642
7.239999999999889,0.64272446911176,-0.3734327220075373,0.161998503860985,-2.5243,0.1691,-1.5665,-2.5243,0.5192,-0.4642
7.249999999999889,0.9102033791869278,-0.53582010619872,0.26317919381847066,-2.5243,0.1691,-1.5665,-2.5243,0.5606,-0.216
7.259999999999889,1.194301167811356,-0.7165155575097735,0.37502134058454856,-3.1106,0.5748,-0.5856,-3.1106,0.5606,-0.216
7.2699999999998886,1.3358080631959635,-0.787842468685595,0.4593875180957032,-3.1106,0.5748,-0.5856,-3.1106,0.5606,-0.216
7.279999999999888,1.3680986152196297,-0.7424594511240683,0.5358651413096491,-3.1106,0.5748,-0.5856,-3.1106,0.5606,-0.216
7.289999999999888,1.3752176607462832,-0.6857196308081508,0.5800800589465036,-3.1106,0.5748,-0.5856,-3.1106,0.5606,-0.216
7.299999999999888,1.3625751415498197,-0.6200638486007507,0.5989662762737356,-3.1106,0.5748,-0.5856,-3.1106,0.5606,-0.216
7.309999999999888,1.3499326223533563,-0.5544080663933507,0.6178524936009676,-3.1106,0.5748,-0.5856,-3.1106,0.5606,-0.216
7.3199999999998875,1.2853,-0.4179,0.5684,-2.1828925488018287,0.1365165937421594,-0.31451634322326544,-2.1828925488018287,0.4917,0.3892
7.329999999999887,1.2836683135215663,-0.41407719167909796,0.5540100792473363,0.7678,-1.2575,0.5477,0.7678,0.4917,0.3892
7.339999999999887,1.2818109583952662,-0.40972567395462345,0.5376299759430135,0.7678,-1.2575,0.5477,0.7678,0.4917,0.3892
7.349999999999887,1.279953603268966,-0.40537415623014894,0.5212498726386909,0.7678,-1.2575,0.5477,0.7678,0.4917,0.3892
7.359999999999887,1.2780962481426659,-0.4010226385056745,0.5048697693343682,0.7678,-1.2575,0.5477,0.7678,0.4917,0.3892
7.369999999999886,1.2762388930163657,-0.3966711207812,0.4884896660300455,0.7678,-1.2575,0.5477,0.7678,0.4917,0.3892
7.379999999999886,1.2924363612066943,-0.42189137055692766,0.38400665242249543,0.7678,-1.2575,0.5477,0.7678,0.4917,0.3892
7.389999999999886,1.3296,-0.4893,0.2007,3.8082862802618918,-1.3886539634048891,2.7519728656898774,3.8082862802618918,-0.3216,0.5798
7.399999999999886,1.254923853377566,-0.42437923438142144,0.13517491874401444,4.6787,-1.4262,3.383,4.6787,-0.3216,0.5798
7.409999999999886,1.2081247472016294,-0.3896403078732096,0.11238819068272496,4.6787,-1.4262,3.383,4.6787,-0.3216,0.5798
7.419999999999885,1.1669095070427276,-0.3608167253524442,0.09776197183115412,4.6787,-1.4262,3.383,4.6787,-0.3216,0.5798
7.429999999999885,1.125694266883826,-0.3319931428316788,0.0831357529795833,4.6787,-1.4262,3.383,4.6787,-0.3216,0.5798
7.439999999999885,1.084479026724924,-0.30316956031091347,0.06850953412801246,4.6787,-1.4262,3.383,4.6787,-0.3216,0.5798
7.449999999999885,0.8609,-0.234,0.033,4.6787,-1.4262,3.383,4.6787,-0.22205761787608125,0.26557166256282555
7.4599999999998845,0.6691089781932239,-0.24011438990595663,0.057636357668849385,4.1713,0.0023,0.6339,4.1713,-0.1455,0.0239
7.469999999999884,0.6230146014154546,-0.2365041499526345,0.072843125957085,4.1713,0.0023,0.6339,4.1713,-0.1455,0.0239
7.479999999999884,0.5769202246376852,-0.23289390999931237,0.08804989424532061,4.1713,0.0023,0.6339,4.1713,-0.1455,0.0239
7.489999999999884,0.5534769252978515,-0.22687656441726323,0.10107138938997512,4.1713,0.0023,0.6339,4.1713,-0.1455,0.0239
7.499999999999884,0.5426865968965529,-0.21951460122707955,0.11287218332718131,4.1713,0.0023,0.6339,4.1713,-0.1455,0.0239
